x0000,y0000
0,0.7690906525,
0.244140625,0.7690902305,
0.48828125,0.7690889645,
0.732421875,0.7690868545,
0.9765625,0.7690839004,
1.220703125,0.7690801024,
1.46484375,0.7690754604,
1.708984375,0.7690699743,
1.953125,0.7690636442,
2.197265625,0.76905647,
2.44140625,0.7690484517,
2.685546875,0.7690395894,
2.9296875,0.769029883,
3.173828125,0.7690193325,
3.41796875,0.7690079378,
3.662109375,0.768995699,
3.90625,0.768982616,
4.150390625,0.7689686888,
4.39453125,0.7689539174,
4.638671875,0.7689383018,
4.8828125,0.7689218418,
5.126953125,0.7689045375,
5.37109375,0.7688863889,
5.615234375,0.768867396,
5.859375,0.7688475586,
6.103515625,0.7688268767,
6.34765625,0.7688053504,
6.591796875,0.7687829796,
6.8359375,0.7687597642,
7.080078125,0.7687357041,
7.32421875,0.7687107995,
7.568359375,0.7686850501,
7.8125,0.768658456,
8.056640625,0.7686310171,
8.30078125,0.7686027334,
8.544921875,0.7685736047,
8.7890625,0.7685436311,
9.033203125,0.7685128126,
9.27734375,0.7684811489,
9.521484375,0.7684486402,
9.765625,0.7684152863,
10.00976562,0.7683810871,
10.25390625,0.7683460427,
10.49804688,0.7683101529,
10.7421875,0.7682734177,
10.98632812,0.768235837,
11.23046875,0.7681974107,
11.47460938,0.7681581389,
11.71875,0.7681180213,
11.96289062,0.768077058,
12.20703125,0.7680352488,
12.45117188,0.7679925937,
12.6953125,0.7679490927,
12.93945312,0.7679047456,
13.18359375,0.7678595523,
13.42773438,0.7678135128,
13.671875,0.767766627,
13.91601562,0.7677188949,
14.16015625,0.7676703162,
14.40429688,0.767620891,
14.6484375,0.7675706192,
14.89257812,0.7675195006,
15.13671875,0.7674675352,
15.38085938,0.7674147229,
15.625,0.7673610637,
15.86914062,0.7673065573,
16.11328125,0.7672512037,
16.35742188,0.7671950028,
16.6015625,0.7671379546,
16.84570312,0.7670800589,
17.08984375,0.7670213156,
17.33398438,0.7669617246,
17.578125,0.7669012858,
17.82226562,0.7668399992,
18.06640625,0.7667778645,
18.31054688,0.7667148818,
18.5546875,0.7666510509,
18.79882812,0.7665863716,
19.04296875,0.7665208439,
19.28710938,0.7664544677,
19.53125,0.7663872429,
19.77539062,0.7663191693,
20.01953125,0.7662502468,
20.26367188,0.7661804753,
20.5078125,0.7661098548,
20.75195312,0.766038385,
20.99609375,0.7659660659,
21.24023438,0.7658928973,
21.484375,0.7658188791,
21.72851562,0.7657440113,
21.97265625,0.7656682936,
22.21679688,0.765591726,
22.4609375,0.7655143083,
22.70507812,0.7654360403,
22.94921875,0.7653569221,
23.19335938,0.7652769534,
23.4375,0.7651961342,
23.68164062,0.7651144642,
23.92578125,0.7650319433,
24.16992188,0.7649485715,
24.4140625,0.7648643486,
24.65820312,0.7647792745,
24.90234375,0.7646933489,
25.14648438,0.7646065719,
25.390625,0.7645189432,
25.63476562,0.7644304627,
25.87890625,0.7643411302,
26.12304688,0.7642509457,
26.3671875,0.764159909,
26.61132812,0.76406802,
26.85546875,0.7639752784,
27.09960938,0.7638816843,
27.34375,0.7637872373,
27.58789062,0.7636919374,
27.83203125,0.7635957845,
28.07617188,0.7634987783,
28.3203125,0.7634009188,
28.56445312,0.7633022058,
28.80859375,0.7632026391,
29.05273438,0.7631022186,
29.296875,0.7630009441,
29.54101562,0.7628988156,
29.78515625,0.7627958328,
30.02929688,0.7626919955,
30.2734375,0.7625873038,
30.51757812,0.7624817573,
30.76171875,0.7623753559,
31.00585938,0.7622680995,
31.25,0.762159988,
31.49414062,0.7620510211,
31.73828125,0.7619411987,
31.98242188,0.7618305207,
32.2265625,0.7617189869,
32.47070312,0.7616065971,
32.71484375,0.7614933512,
32.95898438,0.761379249,
33.203125,0.7612642904,
33.44726562,0.7611484752,
33.69140625,0.7610318032,
33.93554688,0.7609142744,
34.1796875,0.7607958884,
34.42382812,0.7606766453,
34.66796875,0.7605565447,
34.91210938,0.7604355865,
35.15625,0.7603137707,
35.40039062,0.7601910969,
35.64453125,0.7600675652,
35.88867188,0.7599431752,
36.1328125,0.7598179268,
36.37695312,0.7596918199,
36.62109375,0.7595648543,
36.86523438,0.7594370298,
37.109375,0.7593083463,
37.35351562,0.7591788036,
37.59765625,0.7590484016,
37.84179688,0.75891714,
38.0859375,0.7587850187,
38.33007812,0.7586520376,
38.57421875,0.7585181965,
38.81835938,0.7583834952,
39.0625,0.7582479335,
39.30664062,0.7581115113,
39.55078125,0.7579742285,
39.79492188,0.7578360847,
40.0390625,0.75769708,
40.28320312,0.7575572141,
40.52734375,0.7574164869,
40.77148438,0.7572748981,
41.015625,0.7571324477,
41.25976562,0.7569891355,
41.50390625,0.7568449612,
41.74804688,0.7566999248,
41.9921875,0.756554026,
42.23632812,0.7564072647,
42.48046875,0.7562596408,
42.72460938,0.7561111541,
42.96875,0.7559618043,
43.21289062,0.7558115914,
43.45703125,0.7556605152,
43.70117188,0.7555085755,
43.9453125,0.7553557721,
44.18945312,0.755202105,
44.43359375,0.7550475738,
44.67773438,0.7548921786,
44.921875,0.754735919,
45.16601562,0.754578795,
45.41015625,0.7544208063,
45.65429688,0.7542619529,
45.8984375,0.7541022346,
46.14257812,0.7539416511,
46.38671875,0.7537802024,
46.63085938,0.7536178883,
46.875,0.7534547086,
47.11914062,0.7532906631,
47.36328125,0.7531257518,
47.60742188,0.7529599744,
47.8515625,0.7527933308,
48.09570312,0.7526258209,
48.33984375,0.7524574445,
48.58398438,0.7522882013,
48.828125,0.7521180914,
49.07226562,0.7519471145,
49.31640625,0.7517752705,
49.56054688,0.7516025592,
49.8046875,0.7514289804,
50.04882812,0.7512545341,
50.29296875,0.7510792201,
50.53710938,0.7509030382,
50.78125,0.7507259883,
51.02539062,0.7505480702,
51.26953125,0.7503692838,
51.51367188,0.7501896289,
51.7578125,0.7500091055,
52.00195312,0.7498277133,
52.24609375,0.7496454522,
52.49023438,0.7494623221,
52.734375,0.7492783228,
52.97851562,0.7490934542,
53.22265625,0.7489077162,
53.46679688,0.7487211086,
53.7109375,0.7485336313,
53.95507812,0.7483452842,
54.19921875,0.748156067,
54.44335938,0.7479659798,
54.6875,0.7477750223,
54.93164062,0.7475831944,
55.17578125,0.7473904961,
55.41992188,0.7471969271,
55.6640625,0.7470024873,
55.90820312,0.7468071767,
56.15234375,0.746610995,
56.39648438,0.7464139423,
56.640625,0.7462160183,
56.88476562,0.7460172229,
57.12890625,0.745817556,
57.37304688,0.7456170176,
57.6171875,0.7454156074,
57.86132812,0.7452133254,
58.10546875,0.7450101715,
58.34960938,0.7448061455,
58.59375,0.7446012473,
58.83789062,0.7443954769,
59.08203125,0.7441888341,
59.32617188,0.7439813188,
59.5703125,0.7437729309,
59.81445312,0.7435636704,
60.05859375,0.743353537,
60.30273438,0.7431425308,
60.546875,0.7429306516,
60.79101562,0.7427178993,
61.03515625,0.7425042739,
61.27929688,0.7422897752,
61.5234375,0.7420744032,
61.76757812,0.7418581577,
62.01171875,0.7416410387,
62.25585938,0.7414230461,
62.5,0.7412041798,
62.74414062,0.7409844398,
62.98828125,0.7407638259,
63.23242188,0.7405423381,
63.4765625,0.7403199763,
63.72070312,0.7400967404,
63.96484375,0.7398726304,
64.20898438,0.7396476462,
64.453125,0.7394217877,
64.69726562,0.7391950549,
64.94140625,0.7389674477,
65.18554688,0.738738966,
65.4296875,0.7385096098,
65.67382812,0.738279379,
65.91796875,0.7380482737,
66.16210938,0.7378162936,
66.40625,0.7375834388,
66.65039062,0.7373497092,
66.89453125,0.7371151049,
67.13867188,0.7368796256,
67.3828125,0.7366432715,
67.62695312,0.7364060424,
67.87109375,0.7361679384,
68.11523438,0.7359289593,
68.359375,0.7356891052,
68.60351562,0.7354483761,
68.84765625,0.7352067719,
69.09179688,0.7349642925,
69.3359375,0.734720938,
69.58007812,0.7344767084,
69.82421875,0.7342316036,
70.06835938,0.7339856236,
70.3125,0.7337387684,
70.55664062,0.7334910381,
70.80078125,0.7332424325,
71.04492188,0.7329929517,
71.2890625,0.7327425957,
71.53320312,0.7324913645,
71.77734375,0.7322392582,
72.02148438,0.7319862766,
72.265625,0.7317324198,
72.50976562,0.7314776879,
72.75390625,0.7312220808,
72.99804688,0.7309655986,
73.2421875,0.7307082413,
73.48632812,0.7304500089,
73.73046875,0.7301909015,
73.97460938,0.729930919,
74.21875,0.7296700615,
74.46289062,0.7294083291,
74.70703125,0.7291457218,
74.95117188,0.7288822395,
75.1953125,0.7286178825,
75.43945312,0.7283526507,
75.68359375,0.7280865442,
75.92773438,0.727819563,
76.171875,0.7275517071,
76.41601562,0.7272829768,
76.66015625,0.7270133719,
76.90429688,0.7267428926,
77.1484375,0.726471539,
77.39257812,0.7261993111,
77.63671875,0.725926209,
77.88085938,0.7256522327,
78.125,0.7253773825,
78.36914062,0.7251016583,
78.61328125,0.7248250602,
78.85742188,0.7245475884,
79.1015625,0.7242692429,
79.34570312,0.7239900238,
79.58984375,0.7237099312,
79.83398438,0.7234289654,
80.078125,0.7231471262,
80.32226562,0.7228644139,
80.56640625,0.7225808286,
80.81054688,0.7222963705,
81.0546875,0.7220110395,
81.29882812,0.7217248359,
81.54296875,0.7214377598,
81.78710938,0.7211498113,
82.03125,0.7208609906,
82.27539062,0.7205712978,
82.51953125,0.720280733,
82.76367188,0.7199892965,
83.0078125,0.7196969883,
83.25195312,0.7194038086,
83.49609375,0.7191097576,
83.74023438,0.7188148354,
83.984375,0.7185190422,
84.22851562,0.7182223782,
84.47265625,0.7179248436,
84.71679688,0.7176264385,
84.9609375,0.7173271631,
85.20507812,0.7170270176,
85.44921875,0.7167260022,
85.69335938,0.7164241171,
85.9375,0.7161213626,
86.18164062,0.7158177387,
86.42578125,0.7155132457,
86.66992188,0.7152078838,
86.9140625,0.7149016533,
87.15820312,0.7145945543,
87.40234375,0.7142865871,
87.64648438,0.7139777518,
87.890625,0.7136680489,
88.13476562,0.7133574783,
88.37890625,0.7130460405,
88.62304688,0.7127337357,
88.8671875,0.7124205641,
89.11132812,0.7121065259,
89.35546875,0.7117916214,
89.59960938,0.7114758509,
89.84375,0.7111592146,
90.08789062,0.7108417128,
90.33203125,0.7105233459,
90.57617188,0.7102041139,
90.8203125,0.7098840174,
91.06445312,0.7095630564,
91.30859375,0.7092412314,
91.55273438,0.7089185426,
91.796875,0.7085949903,
92.04101562,0.7082705748,
92.28515625,0.7079452964,
92.52929688,0.7076191555,
92.7734375,0.7072921524,
93.01757812,0.7069642873,
93.26171875,0.7066355607,
93.50585938,0.7063059727,
93.75,0.7059755239,
93.99414062,0.7056442145,
94.23828125,0.7053120448,
94.48242188,0.7049790153,
94.7265625,0.7046451262,
94.97070312,0.7043103779,
95.21484375,0.7039747709,
95.45898438,0.7036383053,
95.703125,0.7033009818,
95.94726562,0.7029628005,
96.19140625,0.7026237619,
96.43554688,0.7022838664,
96.6796875,0.7019431144,
96.92382812,0.7016015062,
97.16796875,0.7012590423,
97.41210938,0.7009157231,
97.65625,0.7005715489,
97.90039062,0.7002265203,
98.14453125,0.6998806376,
98.38867188,0.6995339012,
98.6328125,0.6991863116,
98.87695312,0.6988378692,
99.12109375,0.6984885745,
99.36523438,0.6981384279,
99.609375,0.6977874298,
99.85351562,0.6974355808,
100.0976562,0.6970828812,
100.3417969,0.6967293315,
100.5859375,0.6963749322,
100.8300781,0.6960196838,
101.0742188,0.6956635868,
101.3183594,0.6953066416,
101.5625,0.6949488488,
101.8066406,0.6945902088,
102.0507812,0.6942307221,
102.2949219,0.6938703893,
102.5390625,0.6935092108,
102.7832031,0.6931471871,
103.0273438,0.6927843189,
103.2714844,0.6924206066,
103.515625,0.6920560507,
103.7597656,0.6916906518,
104.0039062,0.6913244104,
104.2480469,0.6909573271,
104.4921875,0.6905894025,
104.7363281,0.690220637,
104.9804688,0.6898510312,
105.2246094,0.6894805858,
105.46875,0.6891093013,
105.7128906,0.6887371782,
105.9570312,0.6883642172,
106.2011719,0.6879904189,
106.4453125,0.6876157838,
106.6894531,0.6872403125,
106.9335938,0.6868640057,
107.1777344,0.6864868639,
107.421875,0.6861088878,
107.6660156,0.685730078,
107.9101562,0.6853504352,
108.1542969,0.6849699599,
108.3984375,0.6845886528,
108.6425781,0.6842065145,
108.8867188,0.6838235457,
109.1308594,0.6834397471,
109.375,0.6830551193,
109.6191406,0.682669663,
109.8632812,0.6822833789,
110.1074219,0.6818962675,
110.3515625,0.6815083297,
110.5957031,0.6811195661,
110.8398438,0.6807299773,
111.0839844,0.6803395642,
111.328125,0.6799483273,
111.5722656,0.6795562675,
111.8164062,0.6791633854,
112.0605469,0.6787696818,
112.3046875,0.6783751573,
112.5488281,0.6779798127,
112.7929688,0.6775836488,
113.0371094,0.6771866663,
113.28125,0.676788866,
113.5253906,0.6763902485,
113.7695312,0.6759908148,
114.0136719,0.6755905654,
114.2578125,0.6751895013,
114.5019531,0.6747876231,
114.7460938,0.6743849318,
114.9902344,0.6739814279,
115.234375,0.6735771125,
115.4785156,0.6731719862,
115.7226562,0.6727660499,
115.9667969,0.6723593044,
116.2109375,0.6719517505,
116.4550781,0.671543389,
116.6992188,0.6711342208,
116.9433594,0.6707242468,
117.1875,0.6703134676,
117.4316406,0.6699018842,
117.6757812,0.6694894976,
117.9199219,0.6690763084,
118.1640625,0.6686623176,
118.4082031,0.668247526,
118.6523438,0.6678319346,
118.8964844,0.6674155442,
119.140625,0.6669983557,
119.3847656,0.66658037,
119.6289062,0.666161588,
119.8730469,0.6657420106,
120.1171875,0.6653216388,
120.3613281,0.6649004734,
120.6054688,0.6644785154,
120.8496094,0.6640557657,
121.09375,0.6636322252,
121.3378906,0.6632078949,
121.5820312,0.6627827758,
121.8261719,0.6623568687,
122.0703125,0.6619301747,
122.3144531,0.6615026948,
122.5585938,0.6610744298,
122.8027344,0.6606453808,
123.046875,0.6602155488,
123.2910156,0.6597849347,
123.5351562,0.6593535396,
123.7792969,0.6589213645,
124.0234375,0.6584884103,
124.2675781,0.6580546781,
124.5117188,0.6576201689,
124.7558594,0.6571848838,
125,0.6567488237,
125.2441406,0.6563119897,
125.4882812,0.6558743829,
125.7324219,0.6554360043,
125.9765625,0.654996855,
126.2207031,0.6545569359,
126.4648438,0.6541162483,
126.7089844,0.6536747932,
126.953125,0.6532325716,
127.1972656,0.6527895847,
127.4414062,0.6523458336,
127.6855469,0.6519013192,
127.9296875,0.6514560429,
128.1738281,0.6510100055,
128.4179688,0.6505632084,
128.6621094,0.6501156526,
128.90625,0.6496673392,
129.1503906,0.6492182694,
129.3945312,0.6487684444,
129.6386719,0.6483178652,
129.8828125,0.647866533,
130.1269531,0.647414449,
130.3710938,0.6469616144,
130.6152344,0.6465080303,
130.859375,0.6460536979,
131.1035156,0.6455986184,
131.3476562,0.6451427931,
131.5917969,0.644686223,
131.8359375,0.6442289093,
132.0800781,0.6437708534,
132.3242188,0.6433120565,
132.5683594,0.6428525196,
132.8125,0.6423922442,
133.0566406,0.6419312313,
133.3007812,0.6414694823,
133.5449219,0.6410069984,
133.7890625,0.6405437808,
134.0332031,0.6400798309,
134.2773438,0.6396151498,
134.5214844,0.6391497388,
134.765625,0.6386835993,
135.0097656,0.6382167325,
135.2539062,0.6377491397,
135.4980469,0.6372808222,
135.7421875,0.6368117813,
135.9863281,0.6363420183,
136.2304688,0.6358715345,
136.4746094,0.6354003312,
136.71875,0.6349284099,
136.9628906,0.6344557717,
137.2070312,0.633982418,
137.4511719,0.6335083502,
137.6953125,0.6330335697,
137.9394531,0.6325580778,
138.1835938,0.6320818758,
138.4277344,0.6316049651,
138.671875,0.6311273471,
138.9160156,0.6306490232,
139.1601562,0.6301699948,
139.4042969,0.6296902632,
139.6484375,0.6292098298,
139.8925781,0.6287286962,
140.1367188,0.6282468636,
140.3808594,0.6277643335,
140.625,0.6272811073,
140.8691406,0.6267971864,
141.1132812,0.6263125724,
141.3574219,0.6258272665,
141.6015625,0.6253412703,
141.8457031,0.6248545853,
142.0898438,0.6243672128,
142.3339844,0.6238791543,
142.578125,0.6233904114,
142.8222656,0.6229009855,
143.0664062,0.622410878,
143.3105469,0.6219200905,
143.5546875,0.6214286245,
143.7988281,0.6209364814,
144.0429688,0.6204436628,
144.2871094,0.6199501702,
144.53125,0.6194560051,
144.7753906,0.618961169,
145.0195312,0.6184656635,
145.2636719,0.6179694901,
145.5078125,0.6174726502,
145.7519531,0.6169751456,
145.9960938,0.6164769777,
146.2402344,0.6159781481,
146.484375,0.6154786584,
146.7285156,0.6149785101,
146.9726562,0.6144777049,
147.2167969,0.6139762442,
147.4609375,0.6134741297,
147.7050781,0.612971363,
147.9492188,0.6124679457,
148.1933594,0.6119638793,
148.4375,0.6114591656,
148.6816406,0.6109538061,
148.9257812,0.6104478024,
149.1699219,0.6099411562,
149.4140625,0.6094338692,
149.6582031,0.6089259428,
149.9023438,0.6084173789,
150.1464844,0.607908179,
150.390625,0.6073983449,
150.6347656,0.6068878781,
150.8789062,0.6063767803,
151.1230469,0.6058650533,
151.3671875,0.6053526987,
151.6113281,0.6048397181,
151.8554688,0.6043261134,
152.0996094,0.6038118861,
152.34375,0.603297038,
152.5878906,0.6027815708,
152.8320312,0.6022654863,
153.0761719,0.601748786,
153.3203125,0.6012314718,
153.5644531,0.6007135454,
153.8085938,0.6001950085,
154.0527344,0.5996758629,
154.296875,0.5991561103,
154.5410156,0.5986357525,
154.7851562,0.5981147912,
155.0292969,0.5975932282,
155.2734375,0.5970710653,
155.5175781,0.5965483042,
155.7617188,0.5960249468,
156.0058594,0.5955009947,
156.25,0.5949764499,
156.4941406,0.5944513141,
156.7382812,0.593925589,
156.9824219,0.5933992766,
157.2265625,0.5928723786,
157.4707031,0.5923448969,
157.7148438,0.5918168332,
157.9589844,0.5912881894,
158.203125,0.5907589674,
158.4472656,0.590229169,
158.6914062,0.5896987959,
158.9355469,0.5891678502,
159.1796875,0.5886363336,
159.4238281,0.5881042479,
159.6679688,0.5875715952,
159.9121094,0.5870383771,
160.15625,0.5865045957,
160.4003906,0.5859702528,
160.6445312,0.5854353502,
160.8886719,0.5848998899,
161.1328125,0.5843638738,
161.3769531,0.5838273038,
161.6210938,0.5832901817,
161.8652344,0.5827525096,
162.109375,0.5822142892,
162.3535156,0.5816755226,
162.5976562,0.5811362117,
162.8417969,0.5805963583,
163.0859375,0.5800559645,
163.3300781,0.5795150322,
163.5742188,0.5789735633,
163.8183594,0.5784315598,
164.0625,0.5778890236,
164.3066406,0.5773459567,
164.5507812,0.5768023611,
164.7949219,0.5762582388,
165.0390625,0.5757135916,
165.2832031,0.5751684217,
165.5273438,0.5746227309,
165.7714844,0.5740765214,
166.015625,0.573529795,
166.2597656,0.5729825538,
166.5039062,0.5724347998,
166.7480469,0.571886535,
166.9921875,0.5713377614,
167.2363281,0.5707884811,
167.4804688,0.570238696,
167.7246094,0.5696884082,
167.96875,0.5691376198,
168.2128906,0.5685863327,
168.4570312,0.568034549,
168.7011719,0.5674822707,
168.9453125,0.5669295,
169.1894531,0.5663762389,
169.4335938,0.5658224894,
169.6777344,0.5652682535,
169.921875,0.5647135335,
170.1660156,0.5641583313,
170.4101562,0.563602649,
170.6542969,0.5630464887,
170.8984375,0.5624898525,
171.1425781,0.5619327425,
171.3867188,0.5613751608,
171.6308594,0.5608171095,
171.875,0.5602585907,
172.1191406,0.5596996065,
172.3632812,0.559140159,
172.6074219,0.5585802503,
172.8515625,0.5580198826,
173.0957031,0.557459058,
173.3398438,0.5568977786,
173.5839844,0.5563360466,
173.828125,0.555773864,
174.0722656,0.5552112331,
174.3164062,0.554648156,
174.5605469,0.5540846348,
174.8046875,0.5535206717,
175.0488281,0.5529562689,
175.2929688,0.5523914285,
175.5371094,0.5518261526,
175.78125,0.5512604435,
176.0253906,0.5506943034,
176.2695312,0.5501277344,
176.5136719,0.5495607386,
176.7578125,0.5489933184,
177.0019531,0.5484254758,
177.2460938,0.5478572131,
177.4902344,0.5472885324,
177.734375,0.5467194361,
177.9785156,0.5461499262,
178.2226562,0.545580005,
178.4667969,0.5450096747,
178.7109375,0.5444389375,
178.9550781,0.5438677957,
179.1992188,0.5432962514,
179.4433594,0.5427243069,
179.6875,0.5421519645,
179.9316406,0.5415792263,
180.1757812,0.5410060946,
180.4199219,0.5404325716,
180.6640625,0.5398586596,
180.9082031,0.5392843609,
181.1523438,0.5387096777,
181.3964844,0.5381346122,
181.640625,0.5375591667,
181.8847656,0.5369833435,
182.1289062,0.5364071448,
182.3730469,0.5358305729,
182.6171875,0.5352536301,
182.8613281,0.5346763187,
183.1054688,0.5340986408,
183.3496094,0.5335205989,
183.59375,0.5329421952,
183.8378906,0.532363432,
184.0820312,0.5317843116,
184.3261719,0.5312048363,
184.5703125,0.5306250083,
184.8144531,0.53004483,
185.0585938,0.5294643037,
185.3027344,0.5288834316,
185.546875,0.5283022162,
185.7910156,0.5277206597,
186.0351562,0.5271387644,
186.2792969,0.5265565326,
186.5234375,0.5259739667,
186.7675781,0.525391069,
187.0117188,0.5248078418,
187.2558594,0.5242242875,
187.5,0.5236404084,
187.7441406,0.5230562067,
187.9882812,0.522471685,
188.2324219,0.5218868454,
188.4765625,0.5213016903,
188.7207031,0.5207162222,
188.9648438,0.5201304432,
189.2089844,0.5195443559,
189.453125,0.5189579625,
189.6972656,0.5183712654,
189.9414062,0.517784267,
190.1855469,0.5171969695,
190.4296875,0.5166093755,
190.6738281,0.5160214872,
190.9179688,0.515433307,
191.1621094,0.5148448373,
191.40625,0.5142560804,
191.6503906,0.5136670388,
191.8945312,0.5130777148,
192.1386719,0.5124881108,
192.3828125,0.5118982291,
192.6269531,0.5113080722,
192.8710938,0.5107176425,
193.1152344,0.5101269422,
193.359375,0.509535974,
193.6035156,0.50894474,
193.8476562,0.5083532427,
194.0917969,0.5077614845,
194.3359375,0.5071694679,
194.5800781,0.5065771951,
194.8242188,0.5059846686,
195.0683594,0.5053918909,
195.3125,0.5047988643,
195.5566406,0.5042055912,
195.8007812,0.503612074,
196.0449219,0.5030183152,
196.2890625,0.5024243171,
196.5332031,0.5018300822,
196.7773438,0.5012356129,
197.0214844,0.5006409116,
197.265625,0.5000459808,
197.5097656,0.4994508228,
197.7539062,0.49885544,
197.9980469,0.498259835,
198.2421875,0.4976640101,
198.4863281,0.4970679677,
198.7304688,0.4964717103,
198.9746094,0.4958752404,
199.21875,0.4952785602,
199.4628906,0.4946816724,
199.7070312,0.4940845792,
199.9511719,0.4934872832,
200.1953125,0.4928897868,
200.4394531,0.4922920924,
200.6835938,0.4916942025,
200.9277344,0.4910961194,
201.171875,0.4904978457,
201.4160156,0.4898993838,
201.6601562,0.4893007361,
201.9042969,0.4887019051,
202.1484375,0.4881028933,
202.3925781,0.4875037029,
202.6367188,0.4869043366,
202.8808594,0.4863047968,
203.125,0.4857050859,
203.3691406,0.4851052063,
203.6132812,0.4845051606,
203.8574219,0.4839049511,
204.1015625,0.4833045803,
204.3457031,0.4827040507,
204.5898438,0.4821033648,
204.8339844,0.4815025249,
205.078125,0.4809015336,
205.3222656,0.4803003933,
205.5664062,0.4796991064,
205.8105469,0.4790976754,
206.0546875,0.4784961029,
206.2988281,0.4778943911,
206.5429688,0.4772925426,
206.7871094,0.4766905599,
207.03125,0.4760884454,
207.2753906,0.4754862015,
207.5195312,0.4748838308,
207.7636719,0.4742813357,
208.0078125,0.4736787186,
208.2519531,0.4730759821,
208.4960938,0.4724731285,
208.7402344,0.4718701604,
208.984375,0.4712670801,
209.2285156,0.4706638903,
209.4726562,0.4700605932,
209.7167969,0.4694571915,
209.9609375,0.4688536874,
210.2050781,0.4682500837,
210.4492188,0.4676463825,
210.6933594,0.4670425866,
210.9375,0.4664386982,
211.1816406,0.4658347199,
211.4257812,0.4652306541,
211.6699219,0.4646265033,
211.9140625,0.46402227,
212.1582031,0.4634179566,
212.4023438,0.4628135655,
212.6464844,0.4622090993,
212.890625,0.4616045604,
213.1347656,0.4609999512,
213.3789062,0.4603952743,
213.6230469,0.4597905321,
213.8671875,0.4591857269,
214.1113281,0.4585808614,
214.3554688,0.457975938,
214.5996094,0.457370959,
214.84375,0.456765927,
215.0878906,0.4561608445,
215.3320312,0.4555557138,
215.5761719,0.4549505375,
215.8203125,0.454345318,
216.0644531,0.4537400577,
216.3085938,0.4531347591,
216.5527344,0.4525294247,
216.796875,0.4519240568,
217.0410156,0.4513186581,
217.2851562,0.4507132308,
217.5292969,0.4501077775,
217.7734375,0.4495023006,
218.0175781,0.4488968025,
218.2617188,0.4482912858,
218.5058594,0.4476857528,
218.75,0.447080206,
218.9941406,0.4464746478,
219.2382812,0.4458690807,
219.4824219,0.4452635071,
219.7265625,0.4446579294,
219.9707031,0.4440523502,
220.2148438,0.4434467717,
220.4589844,0.4428411966,
220.703125,0.4422356271,
220.9472656,0.4416300658,
221.1914062,0.441024515,
221.4355469,0.4404189772,
221.6796875,0.4398134549,
221.9238281,0.4392079504,
222.1679688,0.4386024662,
222.4121094,0.4379970047,
222.65625,0.4373915683,
222.9003906,0.4367861595,
223.1445312,0.4361807806,
223.3886719,0.4355754341,
223.6328125,0.4349701224,
223.8769531,0.434364848,
224.1210938,0.4337596132,
224.3652344,0.4331544204,
224.609375,0.4325492721,
224.8535156,0.4319441706,
225.0976562,0.4313391185,
225.3417969,0.4307341179,
225.5859375,0.4301291715,
225.8300781,0.4295242815,
226.0742188,0.4289194505,
226.3183594,0.4283146807,
226.5625,0.4277099745,
226.8066406,0.4271053344,
227.0507812,0.4265007628,
227.2949219,0.425896262,
227.5390625,0.4252918344,
227.7832031,0.4246874825,
228.0273438,0.4240832085,
228.2714844,0.4234790149,
228.515625,0.4228749041,
228.7597656,0.4222708784,
229.0039062,0.4216669401,
229.2480469,0.4210630918,
229.4921875,0.4204593357,
229.7363281,0.4198556741,
229.9804688,0.4192521096,
230.2246094,0.4186486444,
230.46875,0.4180452808,
230.7128906,0.4174420213,
230.9570312,0.4168388682,
231.2011719,0.4162358238,
231.4453125,0.4156328906,
231.6894531,0.4150300708,
231.9335938,0.4144273667,
232.1777344,0.4138247808,
232.421875,0.4132223153,
232.6660156,0.4126199727,
232.9101562,0.4120177551,
233.1542969,0.4114156651,
233.3984375,0.4108137048,
233.6425781,0.4102118766,
233.8867188,0.4096101828,
234.1308594,0.4090086258,
234.375,0.4084072079,
234.6191406,0.4078059313,
234.8632812,0.4072047984,
235.1074219,0.4066038116,
235.3515625,0.406002973,
235.5957031,0.4054022849,
235.8398438,0.4048017498,
236.0839844,0.4042013699,
236.328125,0.4036011474,
236.5722656,0.4030010847,
236.8164062,0.4024011841,
237.0605469,0.4018014478,
237.3046875,0.401201878,
237.5488281,0.4006024772,
237.7929688,0.4000032475,
238.0371094,0.3994041912,
238.28125,0.3988053107,
238.5253906,0.398206608,
238.7695312,0.3976080856,
239.0136719,0.3970097456,
239.2578125,0.3964115903,
239.5019531,0.395813622,
239.7460938,0.3952158429,
239.9902344,0.3946182552,
240.234375,0.3940208612,
240.4785156,0.3934236631,
240.7226562,0.3928266631,
240.9667969,0.3922298635,
241.2109375,0.3916332665,
241.4550781,0.3910368743,
241.6992188,0.3904406891,
241.9433594,0.3898447131,
242.1875,0.3892489486,
242.4316406,0.3886533977,
242.6757812,0.3880580627,
242.9199219,0.3874629457,
243.1640625,0.3868680489,
243.4082031,0.3862733745,
243.6523438,0.3856789247,
243.8964844,0.3850847018,
244.140625,0.3844907077,
244.3847656,0.3838969448,
244.6289062,0.3833034152,
244.8730469,0.382710121,
245.1171875,0.3821170645,
245.3613281,0.3815242477,
245.6054688,0.3809316729,
245.8496094,0.3803393421,
246.09375,0.3797472575,
246.3378906,0.3791554213,
246.5820312,0.3785638356,
246.8261719,0.3779725025,
247.0703125,0.3773814242,
247.3144531,0.3767906027,
247.5585938,0.3762000402,
247.8027344,0.3756097388,
248.046875,0.3750197006,
248.2910156,0.3744299277,
248.5351562,0.3738404222,
248.7792969,0.3732511863,
249.0234375,0.3726622219,
249.2675781,0.3720735312,
249.5117188,0.3714851163,
249.7558594,0.3708969793,
250,0.3703091221,
250.2441406,0.369721547,
250.4882812,0.3691342559,
250.7324219,0.3685472509,
250.9765625,0.367960534,
251.2207031,0.3673741074,
251.4648438,0.366787973,
251.7089844,0.366202133,
251.953125,0.3656165892,
252.1972656,0.3650313439,
252.4414062,0.3644463989,
252.6855469,0.3638617564,
252.9296875,0.3632774182,
253.1738281,0.3626933866,
253.4179688,0.3621096633,
253.6621094,0.3615262506,
253.90625,0.3609431502,
254.1503906,0.3603603643,
254.3945312,0.3597778949,
254.6386719,0.3591957438,
254.8828125,0.3586139132,
255.1269531,0.3580324049,
255.3710938,0.3574512209,
255.6152344,0.3568703632,
255.859375,0.3562898338,
256.1035156,0.3557096345,
256.3476562,0.3551297674,
256.5917969,0.3545502344,
256.8359375,0.3539710375,
257.0800781,0.3533921784,
257.3242188,0.3528136593,
257.5683594,0.352235482,
257.8125,0.3516576483,
258.0566406,0.3510801604,
258.3007812,0.3505030199,
258.5449219,0.3499262289,
258.7890625,0.3493497892,
259.0332031,0.3487737027,
259.2773438,0.3481979714,
259.5214844,0.347622597,
259.765625,0.3470475814,
260.0097656,0.3464729266,
260.2539062,0.3458986344,
260.4980469,0.3453247066,
260.7421875,0.3447511452,
260.9863281,0.3441779518,
261.2304688,0.3436051284,
261.4746094,0.3430326769,
261.71875,0.342460599,
261.9628906,0.3418888966,
262.2070312,0.3413175714,
262.4511719,0.3407466254,
262.6953125,0.3401760602,
262.9394531,0.3396058778,
263.1835938,0.3390360799,
263.4277344,0.3384666683,
263.671875,0.3378976447,
263.9160156,0.3373290111,
264.1601562,0.336760769,
264.4042969,0.3361929204,
264.6484375,0.3356254669,
264.8925781,0.3350584103,
265.1367188,0.3344917524,
265.3808594,0.333925495,
265.625,0.3333596396,
265.8691406,0.3327941882,
266.1132812,0.3322291424,
266.3574219,0.3316645039,
266.6015625,0.3311002744,
266.8457031,0.3305364558,
267.0898438,0.3299730495,
267.3339844,0.3294100575,
267.578125,0.3288474813,
267.8222656,0.3282853226,
268.0664062,0.3277235832,
268.3105469,0.3271622646,
268.5546875,0.3266013687,
268.7988281,0.3260408969,
269.0429688,0.325480851,
269.2871094,0.3249212327,
269.53125,0.3243620435,
269.7753906,0.3238032851,
270.0195312,0.3232449592,
270.2636719,0.3226870674,
270.5078125,0.3221296112,
270.7519531,0.3215725924,
270.9960938,0.3210160124,
271.2402344,0.320459873,
271.484375,0.3199041757,
271.7285156,0.3193489221,
271.9726562,0.3187941137,
272.2167969,0.3182397522,
272.4609375,0.3176858392,
272.7050781,0.3171323761,
272.9492188,0.3165793646,
273.1933594,0.3160268062,
273.4375,0.3154747025,
273.6816406,0.3149230549,
273.9257812,0.314371865,
274.1699219,0.3138211344,
274.4140625,0.3132708646,
274.6582031,0.3127210571,
274.9023438,0.3121717133,
275.1464844,0.3116228349,
275.390625,0.3110744232,
275.6347656,0.3105264798,
275.8789062,0.3099790062,
276.1230469,0.3094320038,
276.3671875,0.3088854741,
276.6113281,0.3083394186,
276.8554688,0.3077938388,
277.0996094,0.307248736,
277.34375,0.3067041117,
277.5878906,0.3061599674,
277.8320312,0.3056163045,
278.0761719,0.3050731244,
278.3203125,0.3045304286,
278.5644531,0.3039882184,
278.8085938,0.3034464953,
279.0527344,0.3029052606,
279.296875,0.3023645158,
279.5410156,0.3018242622,
279.7851562,0.3012845012,
280.0292969,0.3007452342,
280.2734375,0.3002064626,
280.5175781,0.2996681877,
280.7617188,0.2991304108,
281.0058594,0.2985931334,
281.25,0.2980563568,
281.4941406,0.2975200822,
281.7382812,0.2969843111,
281.9824219,0.2964490447,
282.2265625,0.2959142843,
282.4707031,0.2953800314,
282.7148438,0.2948462871,
282.9589844,0.2943130527,
283.203125,0.2937803296,
283.4472656,0.2932481191,
283.6914062,0.2927164223,
283.9355469,0.2921852407,
284.1796875,0.2916545753,
284.4238281,0.2911244276,
284.6679688,0.2905947987,
284.9121094,0.2900656898,
285.15625,0.2895371023,
285.4003906,0.2890090374,
285.6445312,0.2884814962,
285.8886719,0.28795448,
286.1328125,0.2874279899,
286.3769531,0.2869020273,
286.6210938,0.2863765933,
286.8652344,0.285851689,
287.109375,0.2853273157,
287.3535156,0.2848034746,
287.5976562,0.2842801667,
287.8417969,0.2837573933,
288.0859375,0.2832351555,
288.3300781,0.2827134545,
288.5742188,0.2821922914,
288.8183594,0.2816716673,
289.0625,0.2811515835,
289.3066406,0.2806320409,
289.5507812,0.2801130407,
289.7949219,0.279594584,
290.0390625,0.2790766719,
290.2832031,0.2785593056,
290.5273438,0.2780424861,
290.7714844,0.2775262144,
291.015625,0.2770104917,
291.2597656,0.276495319,
291.5039062,0.2759806974,
291.7480469,0.2754666279,
291.9921875,0.2749531116,
292.2363281,0.2744401495,
292.4804688,0.2739277427,
292.7246094,0.2734158922,
292.96875,0.2729045989,
293.2128906,0.272393864,
293.4570312,0.2718836884,
293.7011719,0.2713740732,
293.9453125,0.2708650192,
294.1894531,0.2703565276,
294.4335938,0.2698485992,
294.6777344,0.2693412351,
294.921875,0.2688344362,
295.1660156,0.2683282035,
295.4101562,0.2678225379,
295.6542969,0.2673174404,
295.8984375,0.266812912,
296.1425781,0.2663089534,
296.3867188,0.2658055658,
296.6308594,0.2653027499,
296.875,0.2648005067,
297.1191406,0.2642988372,
297.3632812,0.2637977421,
297.6074219,0.2632972225,
297.8515625,0.2627972791,
298.0957031,0.2622979129,
298.3398438,0.2617991247,
298.5839844,0.2613009154,
298.828125,0.2608032859,
299.0722656,0.260306237,
299.3164062,0.2598097695,
299.5605469,0.2593138843,
299.8046875,0.2588185823,
300.0488281,0.2583238641,
300.2929688,0.2578297308,
300.5371094,0.257336183,
300.78125,0.2568432215,
301.0253906,0.2563508473,
301.2695312,0.2558590609,
301.5136719,0.2553678634,
301.7578125,0.2548772553,
302.0019531,0.2543872376,
302.2460938,0.2538978109,
302.4902344,0.253408976,
302.734375,0.2529207336,
302.9785156,0.2524330846,
303.2226562,0.2519460296,
303.4667969,0.2514595693,
303.7109375,0.2509737046,
303.9550781,0.250488436,
304.1992188,0.2500037644,
304.4433594,0.2495196904,
304.6875,0.2490362147,
304.9316406,0.2485533379,
305.1757812,0.2480710609,
305.4199219,0.2475893843,
305.6640625,0.2471083086,
305.9082031,0.2466278347,
306.1523438,0.2461479631,
306.3964844,0.2456686945,
306.640625,0.2451900295,
306.8847656,0.2447119689,
307.1289062,0.2442345131,
307.3730469,0.2437576628,
307.6171875,0.2432814187,
307.8613281,0.2428057814,
308.1054688,0.2423307514,
308.3496094,0.2418563294,
308.59375,0.2413825159,
308.8378906,0.2409093115,
309.0820312,0.2404367168,
309.3261719,0.2399647324,
309.5703125,0.2394933589,
309.8144531,0.2390225967,
310.0585938,0.2385524464,
310.3027344,0.2380829087,
310.546875,0.237613984,
310.7910156,0.2371456728,
311.0351562,0.2366779757,
311.2792969,0.2362108932,
311.5234375,0.2357444258,
311.7675781,0.235278574,
312.0117188,0.2348133383,
312.2558594,0.2343487192,
312.5,0.2338847172,
312.7441406,0.2334213328,
312.9882812,0.2329585664,
313.2324219,0.2324964184,
313.4765625,0.2320348895,
313.7207031,0.2315739799,
313.9648438,0.2311136902,
314.2089844,0.2306540209,
314.453125,0.2301949722,
314.6972656,0.2297365447,
314.9414062,0.2292787387,
315.1855469,0.2288215548,
315.4296875,0.2283649932,
315.6738281,0.2279090545,
315.9179688,0.2274537389,
316.1621094,0.226999047,
316.40625,0.2265449789,
316.6503906,0.2260915353,
316.8945312,0.2256387163,
317.1386719,0.2251865224,
317.3828125,0.224734954,
317.6269531,0.2242840113,
317.8710938,0.2238336947,
318.1152344,0.2233840046,
318.359375,0.2229349413,
318.6035156,0.2224865052,
318.8476562,0.2220386964,
319.0917969,0.2215915154,
319.3359375,0.2211449625,
319.5800781,0.2206990379,
319.8242188,0.220253742,
320.0683594,0.219809075,
320.3125,0.2193650373,
320.5566406,0.218921629,
320.8007812,0.2184788505,
321.0449219,0.2180367021,
321.2890625,0.2175951839,
321.5332031,0.2171542963,
321.7773438,0.2167140394,
322.0214844,0.2162744136,
322.265625,0.2158354191,
322.5097656,0.215397056,
322.7539062,0.2149593246,
322.9980469,0.2145222252,
323.2421875,0.2140857579,
323.4863281,0.2136499229,
323.7304688,0.2132147204,
323.9746094,0.2127801507,
324.21875,0.2123462139,
324.4628906,0.2119129101,
324.7070312,0.2114802396,
324.9511719,0.2110482025,
325.1953125,0.210616799,
325.4394531,0.2101860293,
325.6835938,0.2097558934,
325.9277344,0.2093263916,
326.171875,0.2088975239,
326.4160156,0.2084692906,
326.6601562,0.2080416916,
326.9042969,0.2076147272,
327.1484375,0.2071883975,
327.3925781,0.2067627025,
327.6367188,0.2063376424,
327.8808594,0.2059132173,
328.125,0.2054894272,
328.3691406,0.2050662722,
328.6132812,0.2046437525,
328.8574219,0.2042218681,
329.1015625,0.203800619,
329.3457031,0.2033800054,
329.5898438,0.2029600272,
329.8339844,0.2025406846,
330.078125,0.2021219775,
330.3222656,0.2017039061,
330.5664062,0.2012864703,
330.8105469,0.2008696701,
331.0546875,0.2004535057,
331.2988281,0.200037977,
331.5429688,0.199623084,
331.7871094,0.1992088268,
332.03125,0.1987952053,
332.2753906,0.1983822195,
332.5195312,0.1979698695,
332.7636719,0.1975581551,
333.0078125,0.1971470764,
333.2519531,0.1967366334,
333.4960938,0.196326826,
333.7402344,0.1959176542,
333.984375,0.1955091179,
334.2285156,0.1951012171,
334.4726562,0.1946939518,
334.7167969,0.1942873218,
334.9609375,0.1938813272,
335.2050781,0.1934759678,
335.4492188,0.1930712435,
335.6933594,0.1926671544,
335.9375,0.1922637002,
336.1816406,0.191860881,
336.4257812,0.1914586965,
336.6699219,0.1910571468,
336.9140625,0.1906562317,
337.1582031,0.1902559511,
337.4023438,0.1898563048,
337.6464844,0.1894572928,
337.890625,0.189058915,
338.1347656,0.1886611711,
338.3789062,0.1882640611,
338.6230469,0.1878675848,
338.8671875,0.187471742,
339.1113281,0.1870765327,
339.3554688,0.1866819566,
339.5996094,0.1862880136,
339.84375,0.1858947035,
340.0878906,0.1855020262,
340.3320312,0.1851099814,
340.5761719,0.1847185691,
340.8203125,0.1843277889,
341.0644531,0.1839376407,
341.3085938,0.1835481244,
341.5527344,0.1831592396,
341.796875,0.1827709863,
342.0410156,0.1823833641,
342.2851562,0.1819963729,
342.5292969,0.1816100124,
342.7734375,0.1812242825,
343.0175781,0.1808391829,
343.2617188,0.1804547133,
343.5058594,0.1800708735,
343.75,0.1796876633,
343.9941406,0.1793050824,
344.2382812,0.1789231305,
344.4824219,0.1785418075,
344.7265625,0.178161113,
344.9707031,0.1777810467,
345.2148438,0.1774016085,
345.4589844,0.1770227979,
345.703125,0.1766446148,
345.9472656,0.1762670589,
346.1914062,0.1758901298,
346.4355469,0.1755138272,
346.6796875,0.1751381509,
346.9238281,0.1747631005,
347.1679688,0.1743886758,
347.4121094,0.1740148764,
347.65625,0.1736417021,
347.9003906,0.1732691524,
348.1445312,0.172897227,
348.3886719,0.1725259257,
348.6328125,0.172155248,
348.8769531,0.1717851937,
349.1210938,0.1714157625,
349.3652344,0.1710469538,
349.609375,0.1706787675,
349.8535156,0.1703112031,
350.0976562,0.1699442603,
350.3417969,0.1695779387,
350.5859375,0.1692122379,
350.8300781,0.1688471576,
351.0742188,0.1684826974,
351.3183594,0.1681188569,
351.5625,0.1677556357,
351.8066406,0.1673930335,
352.0507812,0.1670310498,
352.2949219,0.1666696842,
352.5390625,0.1663089364,
352.7832031,0.1659488058,
353.0273438,0.1655892922,
353.2714844,0.1652303951,
353.515625,0.1648721141,
353.7597656,0.1645144488,
354.0039062,0.1641573986,
354.2480469,0.1638009633,
354.4921875,0.1634451423,
354.7363281,0.1630899353,
354.9804688,0.1627353417,
355.2246094,0.1623813612,
355.46875,0.1620279933,
355.7128906,0.1616752375,
355.9570312,0.1613230934,
356.2011719,0.1609715605,
356.4453125,0.1606206383,
356.6894531,0.1602703264,
356.9335938,0.1599206244,
357.1777344,0.1595715317,
357.421875,0.1592230478,
357.6660156,0.1588751723,
357.9101562,0.1585279047,
358.1542969,0.1581812445,
358.3984375,0.1578351912,
358.6425781,0.1574897443,
358.8867188,0.1571449033,
359.1308594,0.1568006677,
359.375,0.156457037,
359.6191406,0.1561140107,
359.8632812,0.1557715882,
360.1074219,0.1554297691,
360.3515625,0.1550885528,
360.5957031,0.1547479389,
360.8398438,0.1544079266,
361.0839844,0.1540685157,
361.328125,0.1537297054,
361.5722656,0.1533914953,
361.8164062,0.1530538849,
362.0605469,0.1527168735,
362.3046875,0.1523804606,
362.5488281,0.1520446458,
362.7929688,0.1517094284,
363.0371094,0.1513748078,
363.28125,0.1510407836,
363.5253906,0.1507073551,
363.7695312,0.1503745218,
364.0136719,0.1500422831,
364.2578125,0.1497106384,
364.5019531,0.1493795872,
364.7460938,0.1490491289,
364.9902344,0.1487192629,
365.234375,0.1483899886,
365.4785156,0.1480613054,
365.7226562,0.1477332128,
365.9667969,0.1474057102,
366.2109375,0.1470787968,
366.4550781,0.1467524723,
366.6992188,0.1464267358,
366.9433594,0.1461015869,
367.1875,0.145777025,
367.4316406,0.1454530494,
367.6757812,0.1451296595,
367.9199219,0.1448068546,
368.1640625,0.1444846343,
368.4082031,0.1441629978,
368.6523438,0.1438419445,
368.8964844,0.1435214739,
369.140625,0.1432015852,
369.3847656,0.1428822778,
369.6289062,0.1425635512,
369.8730469,0.1422454046,
370.1171875,0.1419278375,
370.3613281,0.1416108491,
370.6054688,0.1412944389,
370.8496094,0.1409786061,
371.09375,0.1406633502,
371.3378906,0.1403486705,
371.5820312,0.1400345664,
371.8261719,0.1397210371,
372.0703125,0.139408082,
372.3144531,0.1390957005,
372.5585938,0.1387838918,
372.8027344,0.1384726554,
373.046875,0.1381619906,
373.2910156,0.1378518966,
373.5351562,0.1375423728,
373.7792969,0.1372334186,
374.0234375,0.1369250332,
374.2675781,0.136617216,
374.5117188,0.1363099663,
374.7558594,0.1360032833,
375,0.1356971666,
375.2441406,0.1353916152,
375.4882812,0.1350866285,
375.7324219,0.134782206,
375.9765625,0.1344783467,
376.2207031,0.1341750501,
376.4648438,0.1338723155,
376.7089844,0.1335701421,
376.953125,0.1332685292,
377.1972656,0.1329674762,
377.4414062,0.1326669824,
377.6855469,0.1323670469,
377.9296875,0.1320676692,
378.1738281,0.1317688484,
378.4179688,0.131470584,
378.6621094,0.1311728751,
378.90625,0.130875721,
379.1503906,0.1305791211,
379.3945312,0.1302830746,
379.6386719,0.1299875807,
379.8828125,0.1296926388,
380.1269531,0.1293982481,
380.3710938,0.129104408,
380.6152344,0.1288111175,
380.859375,0.1285183762,
381.1035156,0.1282261831,
381.3476562,0.1279345375,
381.5917969,0.1276434388,
381.8359375,0.1273528862,
382.0800781,0.1270628789,
382.3242188,0.1267734162,
382.5683594,0.1264844974,
382.8125,0.1261961216,
383.0566406,0.1259082883,
383.3007812,0.1256209965,
383.5449219,0.1253342456,
383.7890625,0.1250480348,
384.0332031,0.1247623634,
384.2773438,0.1244772305,
384.5214844,0.1241926356,
384.765625,0.1239085777,
385.0097656,0.1236250561,
385.2539062,0.1233420701,
385.4980469,0.1230596189,
385.7421875,0.1227777017,
385.9863281,0.1224963179,
386.2304688,0.1222154665,
386.4746094,0.1219351469,
386.71875,0.1216553583,
386.9628906,0.1213760999,
387.2070312,0.121097371,
387.4511719,0.1208191707,
387.6953125,0.1205414983,
387.9394531,0.120264353,
388.1835938,0.1199877341,
388.4277344,0.1197116408,
388.671875,0.1194360723,
388.9160156,0.1191610278,
389.1601562,0.1188865065,
389.4042969,0.1186125077,
389.6484375,0.1183390306,
389.8925781,0.1180660743,
390.1367188,0.1177936382,
390.3808594,0.1175217215,
390.625,0.1172503233,
390.8691406,0.1169794428,
391.1132812,0.1167090793,
391.3574219,0.116439232,
391.6015625,0.1161699001,
391.8457031,0.1159010829,
392.0898438,0.1156327794,
392.3339844,0.115364989,
392.578125,0.1150977108,
392.8222656,0.1148309441,
393.0664062,0.114564688,
393.3105469,0.1142989418,
393.5546875,0.1140337046,
393.7988281,0.1137689757,
394.0429688,0.1135047543,
394.2871094,0.1132410396,
394.53125,0.1129778307,
394.7753906,0.112715127,
395.0195312,0.1124529275,
395.2636719,0.1121912315,
395.5078125,0.1119300382,
395.7519531,0.1116693468,
395.9960938,0.1114091565,
396.2402344,0.1111494664,
396.484375,0.1108902759,
396.7285156,0.110631584,
396.9726562,0.11037339,
397.2167969,0.1101156931,
397.4609375,0.1098584924,
397.7050781,0.1096017872,
397.9492188,0.1093455767,
398.1933594,0.1090898601,
398.4375,0.1088346365,
398.6816406,0.1085799051,
398.9257812,0.1083256652,
399.1699219,0.1080719159,
399.4140625,0.1078186564,
399.6582031,0.107565886,
399.9023438,0.1073136038,
400.1464844,0.107061809,
400.390625,0.1068105008,
400.6347656,0.1065596784,
400.8789062,0.1063093409,
401.1230469,0.1060594877,
401.3671875,0.1058101178,
401.6113281,0.1055612305,
401.8554688,0.1053128249,
402.0996094,0.1050649003,
402.34375,0.1048174558,
402.5878906,0.1045704906,
402.8320312,0.1043240039,
403.0761719,0.104077995,
403.3203125,0.1038324629,
403.5644531,0.1035874069,
403.8085938,0.1033428262,
404.0527344,0.10309872,
404.296875,0.1028550874,
404.5410156,0.1026119277,
404.7851562,0.10236924,
405.0292969,0.1021270235,
405.2734375,0.1018852775,
405.5175781,0.101644001,
405.7617188,0.1014031934,
406.0058594,0.1011628538,
406.25,0.1009229813,
406.4941406,0.1006835753,
406.7382812,0.1004446347,
406.9824219,0.100206159,
407.2265625,0.09996814719,
407.4707031,0.09973059852,
407.7148438,0.0994935122,
407.9589844,0.09925688739,
408.203125,0.09902072331,
408.4472656,0.09878501914,
408.6914062,0.09854977407,
408.9355469,0.0983149873,
409.1796875,0.09808065802,
409.4238281,0.09784678542,
409.6679688,0.09761336871,
409.9121094,0.09738040706,
410.15625,0.09714789969,
410.4003906,0.09691584578,
410.6445312,0.09668424453,
410.8886719,0.09645309514,
411.1328125,0.0962223968,
411.3769531,0.09599214871,
411.6210938,0.09576235006,
411.8652344,0.09553300006,
412.109375,0.0953040979,
412.3535156,0.09507564278,
412.5976562,0.0948476339,
412.8417969,0.09462007045,
413.0859375,0.09439295165,
413.3300781,0.09416627669,
413.5742188,0.09394004476,
413.8183594,0.09371425508,
414.0625,0.09348890685,
414.3066406,0.09326399926,
414.5507812,0.09303953152,
414.7949219,0.09281550283,
415.0390625,0.09259191241,
415.2832031,0.09236875944,
415.5273438,0.09214604315,
415.7714844,0.09192376273,
416.015625,0.0917019174,
416.2597656,0.09148050635,
416.5039062,0.09125952881,
416.7480469,0.09103898397,
416.9921875,0.09081887105,
417.2363281,0.09059918925,
417.4804688,0.0903799378,
417.7246094,0.09016111589,
417.96875,0.08994272275,
418.2128906,0.08972475759,
418.4570312,0.08950721961,
418.7011719,0.08929010804,
418.9453125,0.08907342209,
419.1894531,0.08885716098,
419.4335938,0.08864132392,
419.6777344,0.08842591014,
419.921875,0.08821091884,
420.1660156,0.08799634926,
420.4101562,0.08778220061,
420.6542969,0.08756847211,
420.8984375,0.08735516298,
421.1425781,0.08714227246,
421.3867188,0.08692979975,
421.6308594,0.0867177441,
421.875,0.08650610471,
422.1191406,0.08629488083,
422.3632812,0.08608407167,
422.6074219,0.08587367647,
422.8515625,0.08566369445,
423.0957031,0.08545412485,
423.3398438,0.0852449669,
423.5839844,0.08503621982,
423.828125,0.08482788286,
424.0722656,0.08461995525,
424.3164062,0.08441243622,
424.5605469,0.08420532501,
424.8046875,0.08399862085,
425.0488281,0.083792323,
425.2929688,0.08358643067,
425.5371094,0.08338094312,
425.78125,0.08317585959,
426.0253906,0.08297117932,
426.2695312,0.08276690155,
426.5136719,0.08256302553,
426.7578125,0.08235955051,
427.0019531,0.08215647572,
427.2460938,0.08195380043,
427.4902344,0.08175152388,
427.734375,0.08154964531,
427.9785156,0.08134816398,
428.2226562,0.08114707915,
428.4667969,0.08094639007,
428.7109375,0.08074609599,
428.9550781,0.08054619617,
429.1992188,0.08034668986,
429.4433594,0.08014757633,
429.6875,0.07994885483,
429.9316406,0.07975052463,
430.1757812,0.07955258499,
430.4199219,0.07935503516,
430.6640625,0.07915787443,
430.9082031,0.07896110204,
431.1523438,0.07876471727,
431.3964844,0.07856871939,
431.640625,0.07837310767,
431.8847656,0.07817788137,
432.1289062,0.07798303977,
432.3730469,0.07778858214,
432.6171875,0.07759450776,
432.8613281,0.07740081591,
433.1054688,0.07720750585,
433.3496094,0.07701457688,
433.59375,0.07682202826,
433.8378906,0.07662985928,
434.0820312,0.07643806922,
434.3261719,0.07624665737,
434.5703125,0.07605562301,
434.8144531,0.07586496543,
435.0585938,0.07567468392,
435.3027344,0.07548477775,
435.546875,0.07529524624,
435.7910156,0.07510608866,
436.0351562,0.07491730431,
436.2792969,0.07472889248,
436.5234375,0.07454085248,
436.7675781,0.07435318359,
437.0117188,0.07416588513,
437.2558594,0.07397895637,
437.5,0.07379239664,
437.7441406,0.07360620523,
437.9882812,0.07342038145,
438.2324219,0.07323492459,
438.4765625,0.07304983398,
438.7207031,0.07286510891,
438.9648438,0.07268074871,
439.2089844,0.07249675267,
439.453125,0.07231312011,
439.6972656,0.07212985035,
439.9414062,0.07194694271,
440.1855469,0.07176439649,
440.4296875,0.07158221103,
440.6738281,0.07140038563,
440.9179688,0.07121891962,
441.1621094,0.07103781233,
441.40625,0.07085706308,
441.6503906,0.07067667119,
441.8945312,0.070496636,
442.1386719,0.07031695683,
442.3828125,0.07013763301,
442.6269531,0.06995866387,
442.8710938,0.06978004875,
443.1152344,0.06960178699,
443.359375,0.06942387792,
443.6035156,0.06924632088,
443.8476562,0.0690691152,
444.0917969,0.06889226024,
444.3359375,0.06871575533,
444.5800781,0.06853959981,
444.8242188,0.06836379304,
445.0683594,0.06818833436,
445.3125,0.06801322311,
445.5566406,0.06783845866,
445.8007812,0.06766404035,
446.0449219,0.06748996753,
446.2890625,0.06731623957,
446.5332031,0.06714285581,
446.7773438,0.06696981561,
447.0214844,0.06679711834,
447.265625,0.06662476336,
447.5097656,0.06645275003,
447.7539062,0.06628107771,
447.9980469,0.06610974577,
448.2421875,0.06593875357,
448.4863281,0.0657681005,
448.7304688,0.06559778591,
448.9746094,0.06542780918,
449.21875,0.06525816969,
449.4628906,0.06508886681,
449.7070312,0.06491989991,
449.9511719,0.06475126838,
450.1953125,0.06458297159,
450.4394531,0.06441500893,
450.6835938,0.06424737978,
450.9277344,0.06408008353,
451.171875,0.06391311956,
451.4160156,0.06374648727,
451.6601562,0.06358018603,
451.9042969,0.06341421525,
452.1484375,0.06324857431,
452.3925781,0.06308326261,
452.6367188,0.06291827955,
452.8808594,0.06275362453,
453.125,0.06258929694,
453.3691406,0.06242529618,
453.6132812,0.06226162166,
453.8574219,0.06209827279,
454.1015625,0.06193524896,
454.3457031,0.06177254959,
454.5898438,0.06161017408,
454.8339844,0.06144812186,
455.078125,0.06128639231,
455.3222656,0.06112498488,
455.5664062,0.06096389896,
455.8105469,0.06080313397,
456.0546875,0.06064268934,
456.2988281,0.06048256449,
456.5429688,0.06032275883,
456.7871094,0.0601632718,
457.03125,0.06000410281,
457.2753906,0.05984525129,
457.5195312,0.05968671668,
457.7636719,0.0595284984,
458.0078125,0.05937059588,
458.2519531,0.05921300856,
458.4960938,0.05905573587,
458.7402344,0.05889877725,
458.984375,0.05874213214,
459.2285156,0.05858579998,
459.4726562,0.05842978021,
459.7167969,0.05827407226,
459.9609375,0.0581186756,
460.2050781,0.05796358966,
460.4492188,0.05780881389,
460.6933594,0.05765434774,
460.9375,0.05750019067,
461.1816406,0.05734634212,
461.4257812,0.05719280155,
461.6699219,0.05703956842,
461.9140625,0.05688664218,
462.1582031,0.05673402229,
462.4023438,0.05658170822,
462.6464844,0.05642969942,
462.890625,0.05627799537,
463.1347656,0.05612659552,
463.3789062,0.05597549934,
463.6230469,0.05582470631,
463.8671875,0.05567421589,
464.1113281,0.05552402756,
464.3554688,0.05537414078,
464.5996094,0.05522455504,
464.84375,0.05507526981,
465.0878906,0.05492628457,
465.3320312,0.0547775988,
465.5761719,0.05462921198,
465.8203125,0.0544811236,
466.0644531,0.05433333314,
466.3085938,0.05418584008,
466.5527344,0.05403864392,
466.796875,0.05389174414,
467.0410156,0.05374514024,
467.2851562,0.0535988317,
467.5292969,0.05345281803,
467.7734375,0.05330709872,
468.0175781,0.05316167326,
468.2617188,0.05301654115,
468.5058594,0.0528717019,
468.75,0.05272715501,
468.9941406,0.05258289998,
469.2382812,0.05243893632,
469.4824219,0.05229526353,
469.7265625,0.05215188112,
469.9707031,0.05200878861,
470.2148438,0.0518659855,
470.4589844,0.0517234713,
470.703125,0.05158124554,
470.9472656,0.05143930772,
471.1914062,0.05129765736,
471.4355469,0.051156294,
471.6796875,0.05101521713,
471.9238281,0.05087442629,
472.1679688,0.05073392101,
472.4121094,0.0505937008,
472.65625,0.05045376519,
472.9003906,0.05031411371,
473.1445312,0.0501747459,
473.3886719,0.05003566128,
473.6328125,0.04989685938,
473.8769531,0.04975833974,
474.1210938,0.0496201019,
474.3652344,0.04948214539,
474.609375,0.04934446975,
474.8535156,0.04920707453,
475.0976562,0.04906995926,
475.3417969,0.04893312348,
475.5859375,0.04879656675,
475.8300781,0.0486602886,
476.0742188,0.0485242886,
476.3183594,0.04838856627,
476.5625,0.04825312118,
476.8066406,0.04811795289,
477.0507812,0.04798306093,
477.2949219,0.04784844487,
477.5390625,0.04771410426,
477.7832031,0.04758003866,
478.0273438,0.04744624763,
478.2714844,0.04731273073,
478.515625,0.04717948753,
478.7597656,0.04704651758,
479.0039062,0.04691382046,
479.2480469,0.04678139572,
479.4921875,0.04664924294,
479.7363281,0.04651736169,
479.9804688,0.04638575153,
480.2246094,0.04625441204,
480.46875,0.04612334279,
480.7128906,0.04599254336,
480.9570312,0.04586201332,
481.2011719,0.04573175225,
481.4453125,0.04560175974,
481.6894531,0.04547203535,
481.9335938,0.04534257868,
482.1777344,0.0452133893,
482.421875,0.0450844668,
482.6660156,0.04495581077,
482.9101562,0.04482742079,
483.1542969,0.04469929645,
483.3984375,0.04457143734,
483.6425781,0.04444384306,
483.8867188,0.04431651319,
484.1308594,0.04418944733,
484.375,0.04406264508,
484.6191406,0.04393610603,
484.8632812,0.04380982978,
485.1074219,0.04368381593,
485.3515625,0.04355806407,
485.5957031,0.04343257382,
485.8398438,0.04330734477,
486.0839844,0.04318237653,
486.328125,0.0430576687,
486.5722656,0.0429332209,
486.8164062,0.04280903273,
487.0605469,0.04268510379,
487.3046875,0.0425614337,
487.5488281,0.04243802208,
487.7929688,0.04231486853,
488.0371094,0.04219197267,
488.28125,0.04206933412,
488.5253906,0.04194695249,
488.7695312,0.0418248274,
489.0136719,0.04170295848,
489.2578125,0.04158134533,
489.5019531,0.04145998759,
489.7460938,0.04133888487,
489.9902344,0.04121803681,
490.234375,0.04109744302,
490.4785156,0.04097710313,
490.7226562,0.04085701678,
490.9667969,0.04073718359,
491.2109375,0.04061760318,
491.4550781,0.0404982752,
491.6992188,0.04037919928,
491.9433594,0.04026037504,
492.1875,0.04014180213,
492.4316406,0.04002348018,
492.6757812,0.03990540883,
492.9199219,0.03978758771,
493.1640625,0.03967001647,
493.4082031,0.03955269474,
493.6523438,0.03943562217,
493.8964844,0.0393187984,
494.140625,0.03920222308,
494.3847656,0.03908589585,
494.6289062,0.03896981636,
494.8730469,0.03885398425,
495.1171875,0.03873839917,
495.3613281,0.03862306077,
495.6054688,0.03850796871,
495.8496094,0.03839312264,
496.09375,0.0382785222,
496.3378906,0.03816416705,
496.5820312,0.03805005684,
496.8261719,0.03793619124,
497.0703125,0.0378225699,
497.3144531,0.03770919248,
497.5585938,0.03759605863,
497.8027344,0.03748316802,
498.046875,0.03737052031,
498.2910156,0.03725811516,
498.5351562,0.03714595223,
498.7792969,0.03703403119,
499.0234375,0.0369223517,
499.2675781,0.03681091343,
499.5117188,0.03669971604,
499.7558594,0.03658875921,
500,0.0364780426,
500.2441406,0.03636756589,
500.4882812,0.03625732874,
500.7324219,0.03614733082,
500.9765625,0.03603757182,
501.2207031,0.03592805139,
501.4648438,0.03581876923,
501.7089844,0.035709725,
501.953125,0.03560091838,
502.1972656,0.03549234904,
502.4414062,0.03538401668,
502.6855469,0.03527592096,
502.9296875,0.03516806156,
503.1738281,0.03506043817,
503.4179688,0.03495305048,
503.6621094,0.03484589815,
503.90625,0.03473898088,
504.1503906,0.03463229836,
504.3945312,0.03452585026,
504.6386719,0.03441963627,
504.8828125,0.03431365608,
505.1269531,0.03420790938,
505.3710938,0.03410239586,
505.6152344,0.03399711521,
505.859375,0.03389206712,
506.1035156,0.03378725128,
506.3476562,0.03368266738,
506.5917969,0.03357831511,
506.8359375,0.03347419417,
507.0800781,0.03337030426,
507.3242188,0.03326664507,
507.5683594,0.03316321629,
507.8125,0.03306001763,
508.0566406,0.03295704878,
508.3007812,0.03285430944,
508.5449219,0.0327517993,
508.7890625,0.03264951808,
509.0332031,0.03254746547,
509.2773438,0.03244564117,
509.5214844,0.03234404488,
509.765625,0.03224267631,
510.0097656,0.03214153516,
510.2539062,0.03204062114,
510.4980469,0.03193993395,
510.7421875,0.03183947329,
510.9863281,0.03173923888,
511.2304688,0.03163923042,
511.4746094,0.03153944762,
511.71875,0.03143989019,
511.9628906,0.03134055784,
512.2070312,0.03124145027,
512.4511719,0.03114256721,
512.6953125,0.03104390835,
512.9394531,0.03094547342,
513.1835938,0.03084726212,
513.4277344,0.03074927416,
513.671875,0.03065150928,
513.9160156,0.03055396716,
514.1601562,0.03045664754,
514.4042969,0.03035955013,
514.6484375,0.03026267464,
514.8925781,0.0301660208,
515.1367188,0.03006958831,
515.3808594,0.02997337691,
515.625,0.02987738629,
515.8691406,0.0297816162,
516.1132812,0.02968606634,
516.3574219,0.02959073644,
516.6015625,0.02949562622,
516.8457031,0.02940073539,
517.0898438,0.02930606369,
517.3339844,0.02921161083,
517.578125,0.02911737654,
517.8222656,0.02902336055,
518.0664062,0.02892956257,
518.3105469,0.02883598233,
518.5546875,0.02874261956,
518.7988281,0.02864947398,
519.0429688,0.02855654532,
519.2871094,0.02846383331,
519.53125,0.02837133767,
519.7753906,0.02827905814,
520.0195312,0.02818699443,
520.2636719,0.02809514629,
520.5078125,0.02800351343,
520.7519531,0.02791209559,
520.9960938,0.0278208925,
521.2402344,0.02772990389,
521.484375,0.02763912949,
521.7285156,0.02754856904,
521.9726562,0.02745822226,
522.2167969,0.02736808888,
522.4609375,0.02727816865,
522.7050781,0.02718846129,
522.9492188,0.02709896654,
523.1933594,0.02700968413,
523.4375,0.02692061379,
523.6816406,0.02683175527,
523.9257812,0.02674310829,
524.1699219,0.0266546726,
524.4140625,0.02656644792,
524.6582031,0.026478434,
524.9023438,0.02639063057,
525.1464844,0.02630303737,
525.390625,0.02621565414,
525.6347656,0.02612848061,
525.8789062,0.02604151653,
526.1230469,0.02595476163,
526.3671875,0.02586821564,
526.6113281,0.02578187832,
526.8554688,0.0256957494,
527.0996094,0.02560982862,
527.34375,0.02552411572,
527.5878906,0.02543861043,
527.8320312,0.02535331251,
528.0761719,0.02526822169,
528.3203125,0.02518333772,
528.5644531,0.02509866033,
528.8085938,0.02501418927,
529.0527344,0.02492992428,
529.296875,0.02484586511,
529.5410156,0.02476201148,
529.7851562,0.02467836316,
530.0292969,0.02459491988,
530.2734375,0.02451168139,
530.5175781,0.02442864743,
530.7617188,0.02434581774,
531.0058594,0.02426319206,
531.25,0.02418077016,
531.4941406,0.02409855175,
531.7382812,0.02401653661,
531.9824219,0.02393472446,
532.2265625,0.02385311505,
532.4707031,0.02377170814,
532.7148438,0.02369050345,
532.9589844,0.02360950075,
533.203125,0.02352869978,
533.4472656,0.02344810028,
533.6914062,0.02336770201,
533.9355469,0.0232875047,
534.1796875,0.0232075081,
534.4238281,0.02312771197,
534.6679688,0.02304811604,
534.9121094,0.02296872008,
535.15625,0.02288952381,
535.4003906,0.022810527,
535.6445312,0.02273172939,
535.8886719,0.02265313073,
536.1328125,0.02257473076,
536.3769531,0.02249652924,
536.6210938,0.02241852591,
536.8652344,0.02234072053,
537.109375,0.02226311283,
537.3535156,0.02218570258,
537.5976562,0.02210848951,
537.8417969,0.02203147338,
538.0859375,0.02195465393,
538.3300781,0.02187803093,
538.5742188,0.0218016041,
538.8183594,0.02172537322,
539.0625,0.02164933801,
539.3066406,0.02157349824,
539.5507812,0.02149785366,
539.7949219,0.021422404,
540.0390625,0.02134714903,
540.2832031,0.0212720885,
540.5273438,0.02119722214,
540.7714844,0.02112254972,
541.015625,0.02104807098,
541.2597656,0.02097378568,
541.5039062,0.02089969356,
541.7480469,0.02082579437,
541.9921875,0.02075208786,
542.2363281,0.02067857379,
542.4804688,0.02060525191,
542.7246094,0.02053212195,
542.96875,0.02045918369,
543.2128906,0.02038643685,
543.4570312,0.0203138812,
543.7011719,0.02024151649,
543.9453125,0.02016934247,
544.1894531,0.02009735888,
544.4335938,0.02002556547,
544.6777344,0.01995396201,
544.921875,0.01988254823,
545.1660156,0.01981132388,
545.4101562,0.01974028873,
545.6542969,0.01966944252,
545.8984375,0.01959878499,
546.1425781,0.0195283159,
546.3867188,0.019458035,
546.6308594,0.01938794204,
546.875,0.01931803677,
547.1191406,0.01924831893,
547.3632812,0.01917878829,
547.6074219,0.01910944459,
547.8515625,0.01904028757,
548.0957031,0.01897131699,
548.3398438,0.0189025326,
548.5839844,0.01883393415,
548.828125,0.01876552139,
549.0722656,0.01869729407,
549.3164062,0.01862925193,
549.5605469,0.01856139473,
549.8046875,0.01849372222,
550.0488281,0.01842623414,
550.2929688,0.01835893024,
550.5371094,0.01829181028,
550.78125,0.018224874,
551.0253906,0.01815812115,
551.2695312,0.01809155149,
551.5136719,0.01802516475,
551.7578125,0.01795896069,
552.0019531,0.01789293906,
552.2460938,0.0178270996,
552.4902344,0.01776144206,
552.734375,0.0176959662,
552.9785156,0.01763067176,
553.2226562,0.01756555848,
553.4667969,0.01750062612,
553.7109375,0.01743587442,
553.9550781,0.01737130313,
554.1992188,0.017306912,
554.4433594,0.01724270078,
554.6875,0.01717866921,
554.9316406,0.01711481703,
555.1757812,0.01705114401,
555.4199219,0.01698764988,
555.6640625,0.01692433439,
555.9082031,0.01686119728,
556.1523438,0.01679823831,
556.3964844,0.01673545722,
556.640625,0.01667285375,
556.8847656,0.01661042766,
557.1289062,0.01654817868,
557.3730469,0.01648610657,
557.6171875,0.01642421106,
557.8613281,0.0163624919,
558.1054688,0.01630094885,
558.3496094,0.01623958164,
558.59375,0.01617839001,
558.8378906,0.01611737372,
559.0820312,0.01605653251,
559.3261719,0.01599586612,
559.5703125,0.01593537429,
559.8144531,0.01587505677,
560.0585938,0.01581491331,
560.3027344,0.01575494364,
560.546875,0.01569514752,
560.7910156,0.01563552467,
561.0351562,0.01557607486,
561.2792969,0.01551679781,
561.5234375,0.01545769327,
561.7675781,0.01539876099,
562.0117188,0.0153400007,
562.2558594,0.01528141216,
562.5,0.01522299509,
562.7441406,0.01516474924,
562.9882812,0.01510667436,
563.2324219,0.01504877018,
563.4765625,0.01499103645,
563.7207031,0.0149334729,
563.9648438,0.01487607928,
564.2089844,0.01481885533,
564.453125,0.01476180079,
564.6972656,0.01470491539,
564.9414062,0.01464819888,
565.1855469,0.014591651,
565.4296875,0.01453527148,
565.6738281,0.01447906007,
565.9179688,0.0144230165,
566.1621094,0.01436714052,
566.40625,0.01431143186,
566.6503906,0.01425589025,
566.8945312,0.01420051545,
567.1386719,0.01414530718,
567.3828125,0.01409026518,
567.6269531,0.0140353892,
567.8710938,0.01398067896,
568.1152344,0.01392613421,
568.359375,0.01387175467,
568.6035156,0.0138175401,
568.8476562,0.01376349022,
569.0917969,0.01370960477,
569.3359375,0.01365588349,
569.5800781,0.0136023261,
569.8242188,0.01354893236,
570.0683594,0.01349570199,
570.3125,0.01344263472,
570.5566406,0.0133897303,
570.8007812,0.01333698845,
571.0449219,0.01328440891,
571.2890625,0.01323199142,
571.5332031,0.0131797357,
571.7773438,0.0131276415,
572.0214844,0.01307570854,
572.265625,0.01302393656,
572.5097656,0.01297232528,
572.7539062,0.01292087446,
572.9980469,0.0128695838,
573.2421875,0.01281845306,
573.4863281,0.01276748195,
573.7304688,0.01271667022,
573.9746094,0.01266601758,
574.21875,0.01261552378,
574.4628906,0.01256518855,
574.7070312,0.01251501161,
574.9511719,0.01246499269,
575.1953125,0.01241513153,
575.4394531,0.01236542786,
575.6835938,0.0123158814,
575.9277344,0.01226649189,
576.171875,0.01221725905,
576.4160156,0.01216818262,
576.6601562,0.01211926231,
576.9042969,0.01207049787,
577.1484375,0.01202188901,
577.3925781,0.01197343548,
577.6367188,0.01192513698,
577.8808594,0.01187699326,
578.125,0.01182900404,
578.3691406,0.01178116905,
578.6132812,0.011733488,
578.8574219,0.01168596064,
579.1015625,0.01163858669,
579.3457031,0.01159136587,
579.5898438,0.01154429791,
579.8339844,0.01149738253,
580.078125,0.01145061946,
580.3222656,0.01140400843,
580.5664062,0.01135754916,
580.8105469,0.01131124137,
581.0546875,0.0112650848,
581.2988281,0.01121907915,
581.5429688,0.01117322417,
581.7871094,0.01112751957,
582.03125,0.01108196507,
582.2753906,0.01103656041,
582.5195312,0.01099130529,
582.7636719,0.01094619945,
583.0078125,0.01090124261,
583.2519531,0.01085643449,
583.4960938,0.01081177482,
583.7402344,0.01076726331,
583.984375,0.01072289968,
584.2285156,0.01067868367,
584.4726562,0.01063461498,
584.7167969,0.01059069335,
584.9609375,0.01054691849,
585.2050781,0.01050329012,
585.4492188,0.01045980796,
585.6933594,0.01041647174,
585.9375,0.01037328118,
586.1816406,0.01033023599,
586.4257812,0.01028733589,
586.6699219,0.0102445806,
586.9140625,0.01020196985,
587.1582031,0.01015950335,
587.4023438,0.01011718082,
587.6464844,0.01007500198,
587.890625,0.01003296655,
588.1347656,0.009991074247,
588.3789062,0.009949324786,
588.6230469,0.009907717887,
588.8671875,0.009866253268,
589.1113281,0.009824930647,
589.3554688,0.00978374974,
589.5996094,0.009742710265,
589.84375,0.009701811938,
590.0878906,0.009661054477,
590.3320312,0.009620437598,
590.5761719,0.009579961017,
590.8203125,0.00953962445,
591.0644531,0.009499427614,
591.3085938,0.009459370224,
591.5527344,0.009419451996,
591.796875,0.009379672645,
592.0410156,0.009340031886,
592.2851562,0.009300529435,
592.5292969,0.009261165006,
592.7734375,0.009221938314,
593.0175781,0.009182849074,
593.2617188,0.009143897,
593.5058594,0.009105081806,
593.75,0.009066403206,
593.9941406,0.009027860914,
594.2382812,0.008989454644,
594.4824219,0.00895118411,
594.7265625,0.008913049024,
594.9707031,0.0088750491,
595.2148438,0.008837184051,
595.4589844,0.00879945359,
595.703125,0.00876185743,
595.9472656,0.008724395283,
596.1914062,0.008687066862,
596.4355469,0.008649871879,
596.6796875,0.008612810046,
596.9238281,0.008575881076,
597.1679688,0.008539084679,
597.4121094,0.008502420569,
597.65625,0.008465888456,
597.9003906,0.008429488052,
598.1445312,0.008393219069,
598.3886719,0.008357081217,
598.6328125,0.008321074208,
598.8769531,0.008285197752,
599.1210938,0.008249451561,
599.3652344,0.008213835345,
599.609375,0.008178348815,
599.8535156,0.00814299168,
600.0976562,0.008107763653,
600.3417969,0.008072664442,
600.5859375,0.008037693759,
600.8300781,0.008002851312,
601.0742188,0.007968136812,
601.3183594,0.007933549969,
601.5625,0.007899090492,
601.8066406,0.007864758092,
602.0507812,0.007830552477,
602.2949219,0.007796473356,
602.5390625,0.00776252044,
602.7832031,0.007728693438,
603.0273438,0.007694992058,
603.2714844,0.00766141601,
603.515625,0.007627965003,
603.7597656,0.007594638745,
604.0039062,0.007561436945,
604.2480469,0.007528359313,
604.4921875,0.007495405557,
604.7363281,0.007462575384,
604.9804688,0.007429868505,
605.2246094,0.007397284627,
605.46875,0.007364823459,
605.7128906,0.007332484709,
605.9570312,0.007300268085,
606.2011719,0.007268173295,
606.4453125,0.007236200049,
606.6894531,0.007204348053,
606.9335938,0.007172617016,
607.1777344,0.007141006646,
607.421875,0.00710951665,
607.6660156,0.007078146738,
607.9101562,0.007046896616,
608.1542969,0.007015765993,
608.3984375,0.006984754575,
608.6425781,0.006953862072,
608.8867188,0.006923088191,
609.1308594,0.00689243264,
609.375,0.006861895125,
609.6191406,0.006831475356,
609.8632812,0.006801173039,
610.1074219,0.006770987883,
610.3515625,0.006740919594,
610.5957031,0.006710967881,
610.8398438,0.006681132452,
611.0839844,0.006651413013,
611.328125,0.006621809272,
611.5722656,0.006592320938,
611.8164062,0.006562947717,
612.0605469,0.006533689317,
612.3046875,0.006504545447,
612.5488281,0.006475515813,
612.7929688,0.006446600123,
613.0371094,0.006417798085,
613.28125,0.006389109407,
613.5253906,0.006360533796,
613.7695312,0.00633207096,
614.0136719,0.006303720607,
614.2578125,0.006275482445,
614.5019531,0.006247356181,
614.7460938,0.006219341524,
614.9902344,0.006191438181,
615.234375,0.006163645861,
615.4785156,0.00613596427,
615.7226562,0.006108393119,
615.9667969,0.006080932113,
616.2109375,0.006053580963,
616.4550781,0.006026339375,
616.6992188,0.005999207058,
616.9433594,0.005972183721,
617.1875,0.005945269072,
617.4316406,0.005918462819,
617.6757812,0.005891764672,
617.9199219,0.005865174337,
618.1640625,0.005838691526,
618.4082031,0.005812315945,
618.6523438,0.005786047304,
618.8964844,0.005759885312,
619.140625,0.005733829678,
619.3847656,0.005707880111,
619.6289062,0.00568203632,
619.8730469,0.005656298015,
620.1171875,0.005630664905,
620.3613281,0.0056051367,
620.6054688,0.005579713109,
620.8496094,0.005554393842,
621.09375,0.005529178608,
621.3378906,0.005504067118,
621.5820312,0.005479059083,
621.8261719,0.005454154211,
622.0703125,0.005429352213,
622.3144531,0.005404652801,
622.5585938,0.005380055684,
622.8027344,0.005355560573,
623.046875,0.005331167179,
623.2910156,0.005306875213,
623.5351562,0.005282684387,
623.7792969,0.00525859441,
624.0234375,0.005234604996,
624.2675781,0.005210715855,
624.5117188,0.005186926699,
624.7558594,0.005163237241,
625,0.005139647191,
625.2441406,0.005116156263,
625.4882812,0.005092764168,
625.7324219,0.00506947062,
625.9765625,0.00504627533,
626.2207031,0.005023178013,
626.4648438,0.00500017838,
626.7089844,0.004977276145,
626.953125,0.004954471022,
627.1972656,0.004931762725,
627.4414062,0.004909150966,
627.6855469,0.00488663546,
627.9296875,0.004864215921,
628.1738281,0.004841892064,
628.4179688,0.004819663602,
628.6621094,0.004797530252,
628.90625,0.004775491727,
629.1503906,0.004753547744,
629.3945312,0.004731698017,
629.6386719,0.004709942262,
629.8828125,0.004688280195,
630.1269531,0.004666711532,
630.3710938,0.004645235989,
630.6152344,0.004623853283,
630.859375,0.004602563131,
631.1035156,0.004581365249,
631.3476562,0.004560259355,
631.5917969,0.004539245166,
631.8359375,0.004518322399,
632.0800781,0.004497490774,
632.3242188,0.004476750007,
632.5683594,0.004456099818,
632.8125,0.004435539925,
633.0566406,0.004415070046,
633.3007812,0.004394689902,
633.5449219,0.004374399212,
633.7890625,0.004354197695,
634.0332031,0.004334085071,
634.2773438,0.00431406106,
634.5214844,0.004294125384,
634.765625,0.004274277762,
635.0097656,0.004254517916,
635.2539062,0.004234845568,
635.4980469,0.004215260438,
635.7421875,0.00419576225,
635.9863281,0.004176350724,
636.2304688,0.004157025584,
636.4746094,0.004137786552,
636.71875,0.004118633351,
636.9628906,0.004099565705,
637.2070312,0.004080583338,
637.4511719,0.004061685973,
637.6953125,0.004042873335,
637.9394531,0.004024145148,
638.1835938,0.004005501138,
638.4277344,0.003986941029,
638.671875,0.003968464547,
638.9160156,0.003950071419,
639.1601562,0.003931761369,
639.4042969,0.003913534126,
639.6484375,0.003895389415,
639.8925781,0.003877326963,
640.1367188,0.0038593465,
640.3808594,0.003841447751,
640.625,0.003823630446,
640.8691406,0.003805894312,
641.1132812,0.00378823908,
641.3574219,0.003770664478,
641.6015625,0.003753170236,
641.8457031,0.003735756083,
642.0898438,0.00371842175,
642.3339844,0.003701166968,
642.578125,0.003683991467,
642.8222656,0.00366689498,
643.0664062,0.003649877237,
643.3105469,0.003632937972,
643.5546875,0.003616076916,
643.7988281,0.003599293802,
644.0429688,0.003582588363,
644.2871094,0.003565960334,
644.53125,0.003549409448,
644.7753906,0.00353293544,
645.0195312,0.003516538044,
645.2636719,0.003500216995,
645.5078125,0.00348397203,
645.7519531,0.003467802884,
645.9960938,0.003451709292,
646.2402344,0.003435690993,
646.484375,0.003419747724,
646.7285156,0.003403879221,
646.9726562,0.003388085222,
647.2167969,0.003372365467,
647.4609375,0.003356719694,
647.7050781,0.003341147642,
647.9492188,0.00332564905,
648.1933594,0.003310223659,
648.4375,0.003294871209,
648.6816406,0.003279591441,
648.9257812,0.003264384096,
649.1699219,0.003249248916,
649.4140625,0.003234185643,
649.6582031,0.00321919402,
649.9023438,0.00320427379,
650.1464844,0.003189424695,
650.390625,0.00317464648,
650.6347656,0.00315993889,
650.8789062,0.003145301668,
651.1230469,0.003130734561,
651.3671875,0.003116237313,
651.6113281,0.003101809672,
651.8554688,0.003087451383,
652.0996094,0.003073162193,
652.34375,0.00305894185,
652.5878906,0.003044790102,
652.8320312,0.003030706697,
653.0761719,0.003016691384,
653.3203125,0.003002743913,
653.5644531,0.002988864032,
653.8085938,0.002975051493,
654.0527344,0.002961306045,
654.296875,0.002947627441,
654.5410156,0.002934015431,
654.7851562,0.002920469769,
655.0292969,0.002906990205,
655.2734375,0.002893576494,
655.5175781,0.00288022839,
655.7617188,0.002866945645,
656.0058594,0.002853728015,
656.25,0.002840575254,
656.4941406,0.002827487119,
656.7382812,0.002814463365,
656.9824219,0.002801503748,
657.2265625,0.002788608026,
657.4707031,0.002775775955,
657.7148438,0.002763007295,
657.9589844,0.002750301803,
658.203125,0.002737659238,
658.4472656,0.002725079361,
658.6914062,0.00271256193,
658.9355469,0.002700106706,
659.1796875,0.00268771345,
659.4238281,0.002675381925,
659.6679688,0.002663111891,
659.9121094,0.002650903111,
660.15625,0.002638755349,
660.4003906,0.002626668368,
660.6445312,0.002614641931,
660.8886719,0.002602675804,
661.1328125,0.002590769752,
661.3769531,0.00257892354,
661.6210938,0.002567136935,
661.8652344,0.002555409702,
662.109375,0.00254374161,
662.3535156,0.002532132427,
662.5976562,0.002520581919,
662.8417969,0.002509089857,
663.0859375,0.002497656009,
663.3300781,0.002486280146,
663.5742188,0.002474962037,
663.8183594,0.002463701454,
664.0625,0.002452498169,
664.3066406,0.002441351953,
664.5507812,0.002430262578,
664.7949219,0.002419229819,
665.0390625,0.002408253448,
665.2832031,0.002397333241,
665.5273438,0.00238646897,
665.7714844,0.002375660413,
666.015625,0.002364907345,
666.2597656,0.002354209541,
666.5039062,0.00234356678,
666.7480469,0.002332978839,
666.9921875,0.002322445495,
667.2363281,0.002311966528,
667.4804688,0.002301541716,
667.7246094,0.002291170839,
667.96875,0.002280853678,
668.2128906,0.002270590013,
668.4570312,0.002260379627,
668.7011719,0.0022502223,
668.9453125,0.002240117816,
669.1894531,0.002230065957,
669.4335938,0.002220066507,
669.6777344,0.002210119251,
669.921875,0.002200223973,
670.1660156,0.002190380459,
670.4101562,0.002180588494,
670.6542969,0.002170847865,
670.8984375,0.00216115836,
671.1425781,0.002151519766,
671.3867188,0.002141931871,
671.6308594,0.002132394464,
671.875,0.002122907334,
672.1191406,0.002113470272,
672.3632812,0.002104083068,
672.6074219,0.002094745513,
672.8515625,0.002085457398,
673.0957031,0.002076218517,
673.3398438,0.002067028662,
673.5839844,0.002057887626,
673.828125,0.002048795204,
674.0722656,0.00203975119,
674.3164062,0.002030755379,
674.5605469,0.002021807567,
674.8046875,0.002012907551,
675.0488281,0.002004055127,
675.2929688,0.001995250093,
675.5371094,0.001986492247,
675.78125,0.001977781388,
676.0253906,0.001969117315,
676.2695312,0.001960499829,
676.5136719,0.001951928729,
676.7578125,0.001943403816,
677.0019531,0.001934924893,
677.2460938,0.001926491761,
677.4902344,0.001918104224,
677.734375,0.001909762085,
677.9785156,0.001901465148,
678.2226562,0.001893213217,
678.4667969,0.001885006098,
678.7109375,0.001876843597,
678.9550781,0.001868725519,
679.1992188,0.001860651673,
679.4433594,0.001852621865,
679.6875,0.001844635905,
679.9316406,0.001836693599,
680.1757812,0.001828794759,
680.4199219,0.001820939194,
680.6640625,0.001813126715,
680.9082031,0.001805357132,
681.1523438,0.001797630258,
681.3964844,0.001789945905,
681.640625,0.001782303886,
681.8847656,0.001774704014,
682.1289062,0.001767146104,
682.3730469,0.00175962997,
682.6171875,0.001752155428,
682.8613281,0.001744722294,
683.1054688,0.001737330385,
683.3496094,0.001729979517,
683.59375,0.001722669508,
683.8378906,0.001715400176,
684.0820312,0.001708171342,
684.3261719,0.001700982823,
684.5703125,0.001693834441,
684.8144531,0.001686726016,
685.0585938,0.001679657369,
685.3027344,0.001672628323,
685.546875,0.0016656387,
685.7910156,0.001658688322,
686.0351562,0.001651777015,
686.2792969,0.001644904602,
686.5234375,0.001638070908,
686.7675781,0.001631275758,
687.0117188,0.00162451898,
687.2558594,0.001617800399,
687.5,0.001611119843,
687.7441406,0.00160447714,
687.9882812,0.001597872118,
688.2324219,0.001591304607,
688.4765625,0.001584774436,
688.7207031,0.001578281435,
688.9648438,0.001571825437,
689.2089844,0.001565406271,
689.453125,0.00155902377,
689.6972656,0.001552677768,
689.9414062,0.001546368096,
690.1855469,0.00154009459,
690.4296875,0.001533857083,
690.6738281,0.001527655411,
690.9179688,0.00152148941,
691.1621094,0.001515358915,
691.40625,0.001509263763,
691.6503906,0.001503203793,
691.8945312,0.001497178842,
692.1386719,0.001491188748,
692.3828125,0.001485233351,
692.6269531,0.001479312492,
692.8710938,0.001473426009,
693.1152344,0.001467573745,
693.359375,0.00146175554,
693.6035156,0.001455971238,
693.8476562,0.00145022068,
694.0917969,0.001444503711,
694.3359375,0.001438820174,
694.5800781,0.001433169913,
694.8242188,0.001427552774,
695.0683594,0.001421968603,
695.3125,0.001416417246,
695.5566406,0.001410898549,
695.8007812,0.00140541236,
696.0449219,0.001399958528,
696.2890625,0.001394536901,
696.5332031,0.001389147327,
696.7773438,0.001383789658,
697.0214844,0.001378463742,
697.265625,0.001373169432,
697.5097656,0.001367906579,
697.7539062,0.001362675034,
697.9980469,0.001357474651,
698.2421875,0.001352305282,
698.4863281,0.001347166782,
698.7304688,0.001342059005,
698.9746094,0.001336981806,
699.21875,0.00133193504,
699.4628906,0.001326918564,
699.7070312,0.001321932235,
699.9511719,0.001316975909,
700.1953125,0.001312049444,
700.4394531,0.001307152699,
700.6835938,0.001302285533,
700.9277344,0.001297447805,
701.171875,0.001292639375,
701.4160156,0.001287860104,
701.6601562,0.001283109854,
701.9042969,0.001278388486,
702.1484375,0.001273695862,
702.3925781,0.001269031845,
702.6367188,0.001264396299,
702.8808594,0.001259789087,
703.125,0.001255210075,
703.3691406,0.001250659128,
703.6132812,0.00124613611,
703.8574219,0.001241640889,
704.1015625,0.001237173331,
704.3457031,0.001232733304,
704.5898438,0.001228320675,
704.8339844,0.001223935313,
705.078125,0.001219577086,
705.3222656,0.001215245865,
705.5664062,0.001210941519,
705.8105469,0.001206663919,
706.0546875,0.001202412937,
706.2988281,0.001198188443,
706.5429688,0.001193990311,
706.7871094,0.001189818412,
707.03125,0.001185672621,
707.2753906,0.00118155281,
707.5195312,0.001177458855,
707.7636719,0.001173390631,
708.0078125,0.001169348013,
708.2519531,0.001165330876,
708.4960938,0.001161339098,
708.7402344,0.001157372555,
708.984375,0.001153431125,
709.2285156,0.001149514686,
709.4726562,0.001145623117,
709.7167969,0.001141756297,
709.9609375,0.001137914105,
710.2050781,0.001134096422,
710.4492188,0.001130303129,
710.6933594,0.001126534106,
710.9375,0.001122789236,
711.1816406,0.0011190684,
711.4257812,0.001115371481,
711.6699219,0.001111698364,
711.9140625,0.001108048931,
712.1582031,0.001104423067,
712.4023438,0.001100820656,
712.6464844,0.001097241584,
712.890625,0.001093685737,
713.1347656,0.001090153002,
713.3789062,0.001086643264,
713.6230469,0.001083156411,
713.8671875,0.001079692331,
714.1113281,0.001076250913,
714.3554688,0.001072832045,
714.5996094,0.001069435616,
714.84375,0.001066061516,
715.0878906,0.001062709637,
715.3320312,0.001059379867,
715.5761719,0.001056072099,
715.8203125,0.001052786225,
716.0644531,0.001049522136,
716.3085938,0.001046279725,
716.5527344,0.001043058886,
716.796875,0.001039859512,
717.0410156,0.001036681497,
717.2851562,0.001033524737,
717.5292969,0.001030389125,
717.7734375,0.001027274558,
718.0175781,0.001024180932,
718.2617188,0.001021108143,
718.5058594,0.001018056088,
718.75,0.001015024665,
718.9941406,0.001012013771,
719.2382812,0.001009023306,
719.4824219,0.001006053167,
719.7265625,0.001003103254,
719.9707031,0.001000173467,
720.2148438,0.000997263706,
720.4589844,0.0009943738719,
720.703125,0.0009915038655,
720.9472656,0.0009886535886,
721.1914062,0.0009858229431,
721.4355469,0.0009830118314,
721.6796875,0.0009802201566,
721.9238281,0.0009774478219,
722.1679688,0.0009746947311,
722.4121094,0.0009719607885,
722.65625,0.0009692458988,
722.9003906,0.000966549967,
723.1445312,0.0009638728987,
723.3886719,0.0009612145999,
723.6328125,0.000958574977,
723.8769531,0.0009559539368,
724.1210938,0.0009533513866,
724.3652344,0.000950767234,
724.609375,0.0009482013873,
724.8535156,0.0009456537548,
725.0976562,0.0009431242457,
725.3417969,0.0009406127691,
725.5859375,0.0009381192351,
725.8300781,0.0009356435536,
726.0742188,0.0009331856354,
726.3183594,0.0009307453916,
726.5625,0.0009283227334,
726.8066406,0.0009259175728,
727.0507812,0.000923529822,
727.2949219,0.0009211593937,
727.5390625,0.000918806201,
727.7832031,0.0009164701572,
728.0273438,0.0009141511763,
728.2714844,0.0009118491724,
728.515625,0.0009095640603,
728.7597656,0.0009072957549,
729.0039062,0.0009050441717,
729.2480469,0.0009028092266,
729.4921875,0.0009005908356,
729.7363281,0.0008983889154,
729.9804688,0.000896203383,
730.2246094,0.0008940341557,
730.46875,0.0008918811512,
730.7128906,0.0008897442877,
730.9570312,0.0008876234836,
731.2011719,0.0008855186578,
731.4453125,0.0008834297294,
731.6894531,0.0008813566182,
731.9335938,0.000879299244,
732.1777344,0.0008772575272,
732.421875,0.0008752313885,
732.6660156,0.000873220749,
732.9101562,0.0008712255299,
733.1542969,0.0008692456533,
733.3984375,0.000867281041,
733.6425781,0.0008653316157,
733.8867188,0.0008633973001,
734.1308594,0.0008614780175,
734.375,0.0008595736914,
734.6191406,0.0008576842457,
734.8632812,0.0008558096046,
735.1074219,0.0008539496926,
735.3515625,0.0008521044347,
735.5957031,0.0008502737561,
735.8398438,0.0008484575824,
736.0839844,0.0008466558395,
736.328125,0.0008448684537,
736.5722656,0.0008430953516,
736.8164062,0.00084133646,
737.0605469,0.0008395917063,
737.3046875,0.0008378610179,
737.5488281,0.0008361443228,
737.7929688,0.0008344415492,
738.0371094,0.0008327526256,
738.28125,0.0008310774808,
738.5253906,0.0008294160441,
738.7695312,0.0008277682449,
739.0136719,0.000826134013,
739.2578125,0.0008245132785,
739.5019531,0.0008229059717,
739.7460938,0.0008213120236,
739.9902344,0.0008197313649,
740.234375,0.0008181639271,
740.4785156,0.0008166096418,
740.7226562,0.0008150684409,
740.9667969,0.0008135402567,
741.2109375,0.0008120250216,
741.4550781,0.0008105226684,
741.6992188,0.0008090331303,
741.9433594,0.0008075563406,
742.1875,0.000806092233,
742.4316406,0.0008046407415,
742.6757812,0.0008032018003,
742.9199219,0.0008017753439,
743.1640625,0.0008003613072,
743.4082031,0.0007989596252,
743.6523438,0.0007975702332,
743.8964844,0.000796193067,
744.140625,0.0007948280624,
744.3847656,0.0007934751556,
744.6289062,0.000792134283,
744.8730469,0.0007908053814,
745.1171875,0.0007894883877,
745.3613281,0.0007881832391,
745.6054688,0.0007868898732,
745.8496094,0.0007856082277,
746.09375,0.0007843382407,
746.3378906,0.0007830798504,
746.5820312,0.0007818329953,
746.8261719,0.0007805976141,
747.0703125,0.0007793736461,
747.3144531,0.0007781610303,
747.5585938,0.0007769597064,
747.8027344,0.000775769614,
748.046875,0.0007745906933,
748.2910156,0.0007734228844,
748.5351562,0.0007722661279,
748.7792969,0.0007711203645,
749.0234375,0.000769985535,
749.2675781,0.0007688615808,
749.5117188,0.0007677484433,
749.7558594,0.0007666460641,
750,0.0007655543851,
750.2441406,0.0007644733484,
750.4882812,0.0007634028963,
750.7324219,0.0007623429715,
750.9765625,0.0007612935167,
751.2207031,0.0007602544748,
751.4648438,0.0007592257892,
751.7089844,0.0007582074033,
751.953125,0.0007571992606,
752.1972656,0.0007562013051,
752.4414062,0.0007552134809,
752.6855469,0.0007542357322,
752.9296875,0.0007532680035,
753.1738281,0.0007523102395,
753.4179688,0.0007513623851,
753.6621094,0.0007504243855,
753.90625,0.0007494961859,
754.1503906,0.0007485777318,
754.3945312,0.0007476689689,
754.6386719,0.0007467698431,
754.8828125,0.0007458803006,
755.1269531,0.0007450002875,
755.3710938,0.0007441297504,
755.6152344,0.0007432686359,
755.859375,0.0007424168909,
756.1035156,0.0007415744624,
756.3476562,0.0007407412976,
756.5917969,0.000739917344,
756.8359375,0.000739102549,
757.0800781,0.0007382968605,
757.3242188,0.0007375002265,
757.5683594,0.0007367125949,
757.8125,0.0007359339142,
758.0566406,0.0007351641327,
758.3007812,0.0007344031991,
758.5449219,0.0007336510623,
758.7890625,0.0007329076711,
759.0332031,0.0007321729748,
759.2773438,0.0007314469225,
759.5214844,0.0007307294639,
759.765625,0.0007300205485,
760.0097656,0.000729320126,
760.2539062,0.0007286281466,
760.4980469,0.0007279445601,
760.7421875,0.000727269317,
760.9863281,0.0007266023677,
761.2304688,0.0007259436626,
761.4746094,0.0007252931526,
761.71875,0.0007246507885,
761.9628906,0.0007240165212,
762.2070312,0.0007233903021,
762.4511719,0.0007227720823,
762.6953125,0.0007221618134,
762.9394531,0.000721559447,
763.1835938,0.0007209649347,
763.4277344,0.0007203782285,
763.671875,0.0007197992803,
763.9160156,0.0007192280424,
764.1601562,0.0007186644671,
764.4042969,0.0007181085066,
764.6484375,0.0007175601137,
764.8925781,0.0007170192411,
765.1367188,0.0007164858414,
765.3808594,0.0007159598677,
765.625,0.0007154412731,
765.8691406,0.0007149300107,
766.1132812,0.0007144260339,
766.3574219,0.0007139292961,
766.6015625,0.000713439751,
766.8457031,0.0007129573521,
767.0898438,0.0007124820534,
767.3339844,0.0007120138088,
767.578125,0.0007115525722,
767.8222656,0.000711098298,
768.0664062,0.0007106509402,
768.3105469,0.0007102104535,
768.5546875,0.0007097767922,
768.7988281,0.000709349911,
769.0429688,0.0007089297646,
769.2871094,0.0007085163078,
769.53125,0.0007081094956,
769.7753906,0.0007077092831,
770.0195312,0.0007073156254,
770.2636719,0.0007069284777,
770.5078125,0.0007065477955,
770.7519531,0.0007061735341,
770.9960938,0.0007058056492,
771.2402344,0.0007054440964,
771.484375,0.0007050888315,
771.7285156,0.0007047398104,
771.9726562,0.0007043969889,
772.2167969,0.0007040603232,
772.4609375,0.0007037297693,
772.7050781,0.0007034052836,
772.9492188,0.0007030868224,
773.1933594,0.000702774342,
773.4375,0.000702467799,
773.6816406,0.00070216715,
773.9257812,0.0007018723517,
774.1699219,0.0007015833608,
774.4140625,0.0007013001342,
774.6582031,0.0007010226289,
774.9023438,0.0007007508019,
775.1464844,0.0007004846102,
775.390625,0.0007002240111,
775.6347656,0.0006999689618,
775.8789062,0.0006997194197,
776.1230469,0.0006994753423,
776.3671875,0.000699236687,
776.6113281,0.0006990034114,
776.8554688,0.0006987754732,
777.0996094,0.0006985528301,
777.34375,0.00069833544,
777.5878906,0.0006981232606,
777.8320312,0.00069791625,
778.0761719,0.0006977143663,
778.3203125,0.0006975175674,
778.5644531,0.0006973258116,
778.8085938,0.0006971390571,
779.0527344,0.0006969572622,
779.296875,0.0006967803853,
779.5410156,0.0006966083849,
779.7851562,0.0006964412194,
780.0292969,0.0006962788475,
780.2734375,0.0006961212276,
780.5175781,0.0006959683187,
780.7617188,0.0006958200794,
781.0058594,0.0006956764686,
781.25,0.0006955374451,
781.4941406,0.0006954029679,
781.7382812,0.000695272996,
781.9824219,0.0006951474885,
782.2265625,0.0006950264045,
782.4707031,0.0006949097032,
782.7148438,0.0006947973439,
782.9589844,0.0006946892858,
783.203125,0.0006945854884,
783.4472656,0.0006944859109,
783.6914062,0.000694390513,
783.9355469,0.0006942992541,
784.1796875,0.0006942120938,
784.4238281,0.0006941289918,
784.6679688,0.0006940499077,
784.9121094,0.0006939748012,
785.15625,0.0006939036322,
785.4003906,0.0006938363605,
785.6445312,0.000693772946,
785.8886719,0.0006937133486,
786.1328125,0.0006936575283,
786.3769531,0.0006936054452,
786.6210938,0.0006935570593,
786.8652344,0.0006935123308,
787.109375,0.0006934712199,
787.3535156,0.0006934336868,
787.5976562,0.0006933996917,
787.8417969,0.0006933691951,
788.0859375,0.0006933421572,
788.3300781,0.0006933185386,
788.5742188,0.0006932982996,
788.8183594,0.0006932814008,
789.0625,0.0006932678027,
789.3066406,0.0006932574659,
789.5507812,0.000693250351,
789.7949219,0.0006932464188,
790.0390625,0.00069324563,
790.2832031,0.0006932479453,
790.5273438,0.0006932533255,
790.7714844,0.0006932617315,
791.015625,0.0006932731242,
791.2597656,0.0006932874645,
791.5039062,0.0006933047134,
791.7480469,0.0006933248319,
791.9921875,0.0006933477811,
792.2363281,0.0006933735221,
792.4804688,0.000693402016,
792.7246094,0.0006934332239,
792.96875,0.0006934671072,
793.2128906,0.000693503627,
793.4570312,0.0006935427447,
793.7011719,0.0006935844216,
793.9453125,0.0006936286191,
794.1894531,0.0006936752986,
794.4335938,0.0006937244215,
794.6777344,0.0006937759493,
794.921875,0.0006938298436,
795.1660156,0.0006938860659,
795.4101562,0.0006939445778,
795.6542969,0.0006940053411,
795.8984375,0.0006940683172,
796.1425781,0.0006941334681,
796.3867188,0.0006942007554,
796.6308594,0.0006942701409,
796.875,0.0006943415865,
797.1191406,0.000694415054,
797.3632812,0.0006944905053,
797.6074219,0.0006945679024,
797.8515625,0.0006946472073,
798.0957031,0.000694728382,
798.3398438,0.0006948113885,
798.5839844,0.000694896189,
798.828125,0.0006949827455,
799.0722656,0.0006950710202,
799.3164062,0.0006951609754,
799.5605469,0.0006952525733,
799.8046875,0.0006953457761,
800.0488281,0.0006954405463,
800.2929688,0.0006955368461,
800.5371094,0.0006956346379,
800.78125,0.0006957338842,
801.0253906,0.0006958345475,
801.2695312,0.0006959365902,
801.5136719,0.0006960399749,
801.7578125,0.0006961446642,
802.0019531,0.0006962506207,
802.2460938,0.0006963578071,
802.4902344,0.0006964661861,
802.734375,0.0006965757204,
802.9785156,0.0006966863728,
803.2226562,0.0006967981062,
803.4667969,0.0006969108833,
803.7109375,0.0006970246671,
803.9550781,0.0006971394206,
804.1992188,0.0006972551067,
804.4433594,0.0006973716883,
804.6875,0.0006974891287,
804.9316406,0.0006976073909,
805.1757812,0.000697726438,
805.4199219,0.0006978462332,
805.6640625,0.0006979667397,
805.9082031,0.0006980879209,
806.1523438,0.00069820974,
806.3964844,0.0006983321604,
806.640625,0.0006984551455,
806.8847656,0.0006985786586,
807.1289062,0.0006987026634,
807.3730469,0.0006988271233,
807.6171875,0.0006989520019,
807.8613281,0.0006990772628,
808.1054688,0.0006992028697,
808.3496094,0.0006993287863,
808.59375,0.0006994549763,
808.8378906,0.0006995814035,
809.0820312,0.0006997080318,
809.3261719,0.0006998348251,
809.5703125,0.0006999617473,
809.8144531,0.0007000887624,
810.0585938,0.0007002158344,
810.3027344,0.0007003429274,
810.546875,0.0007004700055,
810.7910156,0.000700597033,
811.0351562,0.000700723974,
811.2792969,0.0007008507929,
811.5234375,0.0007009774539,
811.7675781,0.0007011039214,
812.0117188,0.00070123016,
812.2558594,0.000701356134,
812.5,0.000701481808,
812.7441406,0.0007016071466,
812.9882812,0.0007017321145,
813.2324219,0.0007018566763,
813.4765625,0.0007019807968,
813.7207031,0.0007021044408,
813.9648438,0.0007022275732,
814.2089844,0.0007023501589,
814.453125,0.0007024721629,
814.6972656,0.0007025935502,
814.9414062,0.0007027142859,
815.1855469,0.0007028343351,
815.4296875,0.0007029536631,
815.6738281,0.0007030722352,
815.9179688,0.0007031900166,
816.1621094,0.0007033069728,
816.40625,0.0007034230692,
816.6503906,0.0007035382714,
816.8945312,0.0007036525448,
817.1386719,0.0007037658553,
817.3828125,0.0007038781683,
817.6269531,0.0007039894498,
817.8710938,0.0007040996656,
818.1152344,0.0007042087815,
818.359375,0.0007043167636,
818.6035156,0.0007044235778,
818.8476562,0.0007045291903,
819.0917969,0.0007046335673,
819.3359375,0.0007047366749,
819.5800781,0.0007048384795,
819.8242188,0.0007049389474,
820.0683594,0.0007050380452,
820.3125,0.0007051357393,
820.5566406,0.0007052319964,
820.8007812,0.000705326783,
821.0449219,0.000705420066,
821.2890625,0.0007055118122,
821.5332031,0.0007056019883,
821.7773438,0.0007056905616,
822.0214844,0.0007057774988,
822.265625,0.0007058627673,
822.5097656,0.0007059463341,
822.7539062,0.0007060281666,
822.9980469,0.0007061082321,
823.2421875,0.000706186498,
823.4863281,0.0007062629319,
823.7304688,0.0007063375015,
823.9746094,0.0007064101742,
824.21875,0.000706480918,
824.4628906,0.0007065497007,
824.7070312,0.0007066164902,
824.9511719,0.0007066812545,
825.1953125,0.0007067439618,
825.4394531,0.0007068045802,
825.6835938,0.000706863078,
825.9277344,0.0007069194237,
826.171875,0.0007069735856,
826.4160156,0.0007070255323,
826.6601562,0.0007070752325,
826.9042969,0.0007071226549,
827.1484375,0.0007071677683,
827.3925781,0.0007072105416,
827.6367188,0.000707250944,
827.8808594,0.0007072889444,
828.125,0.0007073245121,
828.3691406,0.0007073576164,
828.6132812,0.0007073882267,
828.8574219,0.0007074163125,
829.1015625,0.0007074418434,
829.3457031,0.0007074647891,
829.5898438,0.0007074851194,
829.8339844,0.0007075028042,
830.078125,0.0007075178136,
830.3222656,0.0007075301176,
830.5664062,0.0007075396864,
830.8105469,0.0007075464904,
831.0546875,0.0007075505,
831.2988281,0.0007075516858,
831.5429688,0.0007075500183,
831.7871094,0.0007075454683,
832.03125,0.0007075380068,
832.2753906,0.0007075276046,
832.5195312,0.0007075142328,
832.7636719,0.0007074978627,
833.0078125,0.0007074784655,
833.2519531,0.0007074560127,
833.4960938,0.0007074304758,
833.7402344,0.0007074018264,
833.984375,0.0007073700364,
834.2285156,0.0007073350776,
834.4726562,0.000707296922,
834.7167969,0.0007072555418,
834.9609375,0.0007072109091,
835.2050781,0.0007071629964,
835.4492188,0.0007071117762,
835.6933594,0.0007070572209,
835.9375,0.0007069993035,
836.1816406,0.0007069379967,
836.4257812,0.0007068732735,
836.6699219,0.0007068051071,
836.9140625,0.0007067334706,
837.1582031,0.0007066583375,
837.4023438,0.0007065796812,
837.6464844,0.0007064974753,
837.890625,0.0007064116936,
838.1347656,0.0007063223101,
838.3789062,0.0007062292986,
838.6230469,0.0007061326334,
838.8671875,0.0007060322888,
839.1113281,0.0007059282391,
839.3554688,0.0007058204589,
839.5996094,0.0007057089229,
839.84375,0.000705593606,
840.0878906,0.0007054744831,
840.3320312,0.0007053515294,
840.5761719,0.00070522472,
840.8203125,0.0007050940304,
841.0644531,0.000704959436,
841.3085938,0.0007048209127,
841.5527344,0.0007046784361,
841.796875,0.0007045319824,
842.0410156,0.0007043815275,
842.2851562,0.0007042270477,
842.5292969,0.0007040685195,
842.7734375,0.0007039059193,
843.0175781,0.000703739224,
843.2617188,0.0007035684103,
843.5058594,0.0007033934552,
843.75,0.000703214336,
843.9941406,0.0007030310299,
844.2382812,0.0007028435143,
844.4824219,0.000702651767,
844.7265625,0.0007024557656,
844.9707031,0.0007022554881,
845.2148438,0.0007020509126,
845.4589844,0.0007018420173,
845.703125,0.0007016287806,
845.9472656,0.0007014111812,
846.1914062,0.0007011891976,
846.4355469,0.0007009628088,
846.6796875,0.0007007319939,
846.9238281,0.000700496732,
847.1679688,0.0007002570026,
847.4121094,0.000700012785,
847.65625,0.0006997640592,
847.9003906,0.0006995108049,
848.1445312,0.0006992530021,
848.3886719,0.0006989906311,
848.6328125,0.0006987236723,
848.8769531,0.0006984521061,
849.1210938,0.0006981759134,
849.3652344,0.0006978950749,
849.609375,0.0006976095718,
849.8535156,0.0006973193852,
850.0976562,0.0006970244966,
850.3417969,0.0006967248876,
850.5859375,0.0006964205399,
850.8300781,0.0006961114354,
851.0742188,0.0006957975562,
851.3183594,0.0006954788847,
851.5625,0.0006951554033,
851.8066406,0.0006948270947,
852.0507812,0.0006944939416,
852.2949219,0.000694155927,
852.5390625,0.0006938130342,
852.7832031,0.0006934652466,
853.0273438,0.0006931125476,
853.2714844,0.000692754921,
853.515625,0.0006923923508,
853.7597656,0.000692024821,
854.0039062,0.0006916523159,
854.2480469,0.00069127482,
854.4921875,0.000690892318,
854.7363281,0.0006905047947,
854.9804688,0.0006901122353,
855.2246094,0.0006897146248,
855.46875,0.0006893119488,
855.7128906,0.0006889041928,
855.9570312,0.0006884913427,
856.2011719,0.0006880733844,
856.4453125,0.0006876503043,
856.6894531,0.0006872220885,
856.9335938,0.0006867887239,
857.1777344,0.000686350197,
857.421875,0.0006859064949,
857.6660156,0.0006854576049,
857.9101562,0.0006850035141,
858.1542969,0.0006845442103,
858.3984375,0.0006840796812,
858.6425781,0.0006836099147,
858.8867188,0.0006831348991,
859.1308594,0.0006826546226,
859.375,0.0006821690739,
859.6191406,0.0006816782418,
859.8632812,0.0006811821152,
860.1074219,0.0006806806833,
860.3515625,0.0006801739355,
860.5957031,0.0006796618614,
860.8398438,0.0006791444507,
861.0839844,0.0006786216935,
861.328125,0.00067809358,
861.5722656,0.0006775601006,
861.8164062,0.000677021246,
862.0605469,0.0006764770069,
862.3046875,0.0006759273744,
862.5488281,0.0006753723397,
862.7929688,0.0006748118944,
863.0371094,0.00067424603,
863.28125,0.0006736747385,
863.5253906,0.000673098012,
863.7695312,0.0006725158427,
864.0136719,0.0006719282233,
864.2578125,0.0006713351463,
864.5019531,0.0006707366048,
864.7460938,0.0006701325919,
864.9902344,0.0006695231011,
865.234375,0.0006689081258,
865.4785156,0.0006682876599,
865.7226562,0.0006676616975,
865.9667969,0.0006670302327,
866.2109375,0.0006663932601,
866.4550781,0.0006657507742,
866.6992188,0.00066510277,
866.9433594,0.0006644492427,
867.1875,0.0006637901874,
867.4316406,0.0006631255999,
867.6757812,0.0006624554758,
867.9199219,0.0006617798112,
868.1640625,0.0006610986022,
868.4082031,0.0006604118453,
868.6523438,0.0006597195372,
868.8964844,0.0006590216747,
869.140625,0.000658318255,
869.3847656,0.0006576092752,
869.6289062,0.0006568947331,
869.8730469,0.0006561746264,
870.1171875,0.000655448953,
870.3613281,0.0006547177112,
870.6054688,0.0006539808994,
870.8496094,0.0006532385162,
871.09375,0.0006524905607,
871.3378906,0.0006517370319,
871.5820312,0.000650977929,
871.8261719,0.0006502132518,
872.0703125,0.000649443,
872.3144531,0.0006486671736,
872.5585938,0.0006478857729,
872.8027344,0.0006470987984,
873.046875,0.0006463062507,
873.2910156,0.0006455081308,
873.5351562,0.0006447044398,
873.7792969,0.0006438951792,
874.0234375,0.0006430803505,
874.2675781,0.0006422599556,
874.5117188,0.0006414339966,
874.7558594,0.0006406024758,
875,0.0006397653957,
875.2441406,0.0006389227591,
875.4882812,0.0006380745689,
875.7324219,0.0006372208284,
875.9765625,0.0006363615411,
876.2207031,0.0006354967105,
876.4648438,0.0006346263408,
876.7089844,0.0006337504358,
876.953125,0.0006328690002,
877.1972656,0.0006319820384,
877.4414062,0.0006310895553,
877.6855469,0.0006301915559,
877.9296875,0.0006292880456,
878.1738281,0.0006283790299,
878.4179688,0.0006274645146,
878.6621094,0.0006265445055,
878.90625,0.0006256190091,
879.1503906,0.0006246880316,
879.3945312,0.0006237515798,
879.6386719,0.0006228096607,
879.8828125,0.0006218622813,
880.1269531,0.0006209094491,
880.3710938,0.0006199511716,
880.6152344,0.0006189874567,
880.859375,0.0006180183124,
881.1035156,0.0006170437472,
881.3476562,0.0006160637694,
881.5917969,0.0006150783879,
881.8359375,0.0006140876118,
882.0800781,0.0006130914501,
882.3242188,0.0006120899124,
882.5683594,0.0006110830083,
882.8125,0.0006100707479,
883.0566406,0.0006090531412,
883.3007812,0.0006080301986,
883.5449219,0.0006070019308,
883.7890625,0.0006059683486,
884.0332031,0.000604929463,
884.2773438,0.0006038852855,
884.5214844,0.0006028358275,
884.765625,0.0006017811007,
885.0097656,0.0006007211173,
885.2539062,0.0005996558894,
885.4980469,0.0005985854295,
885.7421875,0.0005975097502,
885.9863281,0.0005964288645,
886.2304688,0.0005953427856,
886.4746094,0.0005942515268,
886.71875,0.0005931551017,
886.9628906,0.0005920535242,
887.2070312,0.0005909468082,
887.4511719,0.0005898349682,
887.6953125,0.0005887180185,
887.9394531,0.000587595974,
888.1835938,0.0005864688497,
888.4277344,0.0005853366607,
888.671875,0.0005841994224,
888.9160156,0.0005830571505,
889.1601562,0.0005819098609,
889.4042969,0.0005807575696,
889.6484375,0.0005796002931,
889.8925781,0.0005784380478,
890.1367188,0.0005772708505,
890.3808594,0.0005760987183,
890.625,0.0005749216683,
890.8691406,0.000573739718,
891.1132812,0.000572552885,
891.3574219,0.0005713611873,
891.6015625,0.000570164643,
891.8457031,0.0005689632704,
892.0898438,0.000567757088,
892.3339844,0.0005665461147,
892.578125,0.0005653303694,
892.8222656,0.0005641098713,
893.0664062,0.00056288464,
893.3105469,0.000561654695,
893.5546875,0.0005604200562,
893.7988281,0.0005591807437,
894.0429688,0.0005579367779,
894.2871094,0.0005566881792,
894.53125,0.0005554349684,
894.7753906,0.0005541771665,
895.0195312,0.0005529147946,
895.2636719,0.0005516478741,
895.5078125,0.0005503764267,
895.7519531,0.0005491004741,
895.9960938,0.0005478200384,
896.2402344,0.0005465351418,
896.484375,0.0005452458068,
896.7285156,0.000543952056,
896.9726562,0.0005426539123,
897.2167969,0.0005413513989,
897.4609375,0.0005400445389,
897.7050781,0.000538733356,
897.9492188,0.0005374178738,
898.1933594,0.0005360981163,
898.4375,0.0005347741075,
898.6816406,0.0005334458719,
898.9257812,0.0005321134339,
899.1699219,0.0005307768183,
899.4140625,0.0005294360501,
899.6582031,0.0005280911544,
899.9023438,0.0005267421565,
900.1464844,0.0005253890821,
900.390625,0.0005240319569,
900.6347656,0.0005226708068,
900.8789062,0.000521305658,
901.1230469,0.0005199365369,
901.3671875,0.0005185634699,
901.6113281,0.000517186484,
901.8554688,0.000515805606,
902.0996094,0.0005144208631,
902.34375,0.0005130322825,
902.5878906,0.000511639892,
902.8320312,0.0005102437191,
903.0761719,0.0005088437918,
903.3203125,0.0005074401382,
903.5644531,0.0005060327867,
903.8085938,0.0005046217656,
904.0527344,0.0005032071038,
904.296875,0.00050178883,
904.5410156,0.0005003669734,
904.7851562,0.0004989415632,
905.0292969,0.0004975126287,
905.2734375,0.0004960801998,
905.5175781,0.000494644306,
905.7617188,0.0004932049774,
906.0058594,0.0004917622443,
906.25,0.0004903161368,
906.4941406,0.0004888666856,
906.7382812,0.0004874139214,
906.9824219,0.000485957875,
907.2265625,0.0004844985775,
907.4707031,0.0004830360602,
907.7148438,0.0004815703544,
907.9589844,0.0004801014917,
908.203125,0.000478629504,
908.4472656,0.0004771544231,
908.6914062,0.0004756762811,
908.9355469,0.0004741951103,
909.1796875,0.0004727109432,
909.4238281,0.0004712238123,
909.6679688,0.0004697337504,
909.9121094,0.0004682407906,
910.15625,0.0004667449658,
910.4003906,0.0004652463094,
910.6445312,0.0004637448547,
910.8886719,0.0004622406355,
911.1328125,0.0004607336854,
911.3769531,0.0004592240384,
911.6210938,0.0004577117285,
911.8652344,0.00045619679,
912.109375,0.0004546792572,
912.3535156,0.0004531591647,
912.5976562,0.0004516365472,
912.8417969,0.0004501114395,
913.0859375,0.0004485838767,
913.3300781,0.0004470538939,
913.5742188,0.0004455215264,
913.8183594,0.0004439868096,
914.0625,0.0004424497791,
914.3066406,0.0004409104707,
914.5507812,0.0004393689203,
914.7949219,0.0004378251638,
915.0390625,0.0004362792375,
915.2832031,0.0004347311777,
915.5273438,0.0004331810207,
915.7714844,0.0004316288033,
916.015625,0.000430074562,
916.2597656,0.0004285183339,
916.5039062,0.0004269601558,
916.7480469,0.000425400065,
916.9921875,0.0004238380986,
917.2363281,0.000422274294,
917.4804688,0.0004207086888,
917.7246094,0.0004191413207,
917.96875,0.0004175722273,
918.2128906,0.0004160014467,
918.4570312,0.0004144290168,
918.7011719,0.0004128549757,
918.9453125,0.0004112793618,
919.1894531,0.0004097022134,
919.4335938,0.0004081235691,
919.6777344,0.0004065434674,
919.921875,0.0004049619471,
920.1660156,0.0004033790471,
920.4101562,0.0004017948063,
920.6542969,0.0004002092639,
920.8984375,0.000398622459,
921.1425781,0.0003970344309,
921.3867188,0.000395445219,
921.6308594,0.0003938548629,
921.875,0.0003922634021,
922.1191406,0.0003906708765,
922.3632812,0.0003890773257,
922.6074219,0.0003874827899,
922.8515625,0.0003858873089,
923.0957031,0.000384290923,
923.3398438,0.0003826936723,
923.5839844,0.0003810955973,
923.828125,0.0003794967382,
924.0722656,0.0003778971356,
924.3164062,0.0003762968301,
924.5605469,0.0003746958624,
924.8046875,0.0003730942733,
925.0488281,0.0003714921036,
925.2929688,0.0003698893943,
925.5371094,0.0003682861864,
925.78125,0.0003666825211,
926.0253906,0.0003650784395,
926.2695312,0.000363473983,
926.5136719,0.0003618691928,
926.7578125,0.0003602641104,
927.0019531,0.0003586587774,
927.2460938,0.0003570532352,
927.4902344,0.0003554475256,
927.734375,0.0003538416903,
927.9785156,0.000352235771,
928.2226562,0.0003506298097,
928.4667969,0.0003490238482,
928.7109375,0.0003474179286,
928.9550781,0.000345812093,
929.1992188,0.0003442063833,
929.4433594,0.0003426008418,
929.6875,0.0003409955108,
929.9316406,0.0003393904325,
930.1757812,0.0003377856493,
930.4199219,0.0003361812035,
930.6640625,0.0003345771377,
930.9082031,0.0003329734943,
931.1523438,0.0003313703159,
931.3964844,0.0003297676452,
931.640625,0.0003281655246,
931.8847656,0.000326563997,
932.1289062,0.0003249631051,
932.3730469,0.0003233628916,
932.6171875,0.0003217633993,
932.8613281,0.0003201646712,
933.1054688,0.0003185667501,
933.3496094,0.000316969679,
933.59375,0.0003153735007,
933.8378906,0.0003137782584,
934.0820312,0.0003121839949,
934.3261719,0.0003105907534,
934.5703125,0.000308998577,
934.8144531,0.0003074075088,
935.0585938,0.0003058175918,
935.3027344,0.0003042288692,
935.546875,0.0003026413843,
935.7910156,0.0003010551802,
936.0351562,0.0002994703001,
936.2792969,0.0002978867872,
936.5234375,0.0002963046848,
936.7675781,0.0002947240361,
937.0117188,0.0002931448845,
937.2558594,0.0002915672731,
937.5,0.0002899912452,
937.7441406,0.0002884168442,
937.9882812,0.0002868441134,
938.2324219,0.000285273096,
938.4765625,0.0002837038353,
938.7207031,0.0002821363746,
938.9648438,0.0002805707573,
939.2089844,0.0002790070266,
939.453125,0.0002774452259,
939.6972656,0.0002758853983,
939.9414062,0.0002743275872,
940.1855469,0.0002727718359,
940.4296875,0.0002712181875,
940.6738281,0.0002696666854,
940.9179688,0.0002681173727,
941.1621094,0.0002665702928,
941.40625,0.0002650254886,
941.6503906,0.0002634830036,
941.8945312,0.0002619428807,
942.1386719,0.0002604051631,
942.3828125,0.000258869894,
942.6269531,0.0002573371163,
942.8710938,0.0002558068732,
943.1152344,0.0002542792077,
943.359375,0.0002527541628,
943.6035156,0.0002512317814,
943.8476562,0.0002497121065,
944.0917969,0.0002481951809,
944.3359375,0.0002466810475,
944.5800781,0.0002451697492,
944.8242188,0.0002436613286,
945.0683594,0.0002421558285,
945.3125,0.0002406532917,
945.5566406,0.0002391537607,
945.8007812,0.0002376572781,
946.0449219,0.0002361638866,
946.2890625,0.0002346736285,
946.5332031,0.0002331865463,
946.7773438,0.0002317026825,
947.0214844,0.0002302220794,
947.265625,0.0002287447791,
947.5097656,0.0002272708241,
947.7539062,0.0002258002564,
947.9980469,0.000224333118,
948.2421875,0.0002228694512,
948.4863281,0.0002214092978,
948.7304688,0.0002199526997,
948.9746094,0.0002184996988,
949.21875,0.0002170503368,
949.4628906,0.0002156046555,
949.7070312,0.0002141626964,
949.9511719,0.0002127245012,
950.1953125,0.0002112901113,
950.4394531,0.000209859568,
950.6835938,0.0002084329127,
950.9277344,0.0002070101867,
951.171875,0.0002055914311,
951.4160156,0.000204176687,
951.6601562,0.0002027659953,
951.9042969,0.000201359397,
952.1484375,0.0001999569329,
952.3925781,0.0001985586436,
952.6367188,0.0001971645699,
952.8808594,0.0001957747522,
953.125,0.000194389231,
953.3691406,0.0001930080466,
953.6132812,0.0001916312394,
953.8574219,0.0001902588493,
954.1015625,0.0001888909166,
954.3457031,0.0001875274811,
954.5898438,0.0001861685826,
954.8339844,0.000184814261,
955.078125,0.0001834645558,
955.3222656,0.0001821195065,
955.5664062,0.0001807791526,
955.8105469,0.0001794435334,
956.0546875,0.000178112688,
956.2988281,0.0001767866555,
956.5429688,0.0001754654748,
956.7871094,0.0001741491849,
957.03125,0.0001728378243,
957.2753906,0.0001715314318,
957.5195312,0.0001702300458,
957.7636719,0.0001689337046,
958.0078125,0.0001676424464,
958.2519531,0.0001663563095,
958.4960938,0.0001650753316,
958.7402344,0.0001637995507,
958.984375,0.0001625290045,
959.2285156,0.0001612637305,
959.4726562,0.0001600037662,
959.7167969,0.0001587491489,
959.9609375,0.0001574999158,
960.2050781,0.0001562561039,
960.4492188,0.0001550177501,
960.6933594,0.0001537848911,
960.9375,0.0001525575635,
961.1816406,0.0001513358039,
961.4257812,0.0001501196485,
961.6699219,0.0001489091336,
961.9140625,0.000147704295,
962.1582031,0.0001465051688,
962.4023438,0.0001453117905,
962.6464844,0.0001441241959,
962.890625,0.0001429424203,
963.1347656,0.0001417664989,
963.3789062,0.0001405964669,
963.6230469,0.0001394323593,
963.8671875,0.0001382742107,
964.1113281,0.0001371220559,
964.3554688,0.0001359759293,
964.5996094,0.0001348358651,
964.84375,0.0001337018976,
965.0878906,0.0001325740607,
965.3320312,0.0001314523883,
965.5761719,0.0001303369138,
965.8203125,0.0001292276708,
966.0644531,0.0001281246926,
966.3085938,0.0001270280124,
966.5527344,0.000125937663,
966.796875,0.0001248536772,
967.0410156,0.0001237760876,
967.2851562,0.0001227049267,
967.5292969,0.0001216402266,
967.7734375,0.0001205820194,
968.0175781,0.0001195303371,
968.2617188,0.0001184852112,
968.5058594,0.0001174466733,
968.75,0.0001164147548,
968.9941406,0.0001153894867,
969.2382812,0.0001143709,
969.4824219,0.0001133590254,
969.7265625,0.0001123538936,
969.9707031,0.0001113555349,
970.2148438,0.0001103639795,
970.4589844,0.0001093792573,
970.703125,0.0001084013982,
970.9472656,0.0001074304318,
971.1914062,0.0001064663875,
971.4355469,0.0001055092944,
971.6796875,0.0001045591816,
971.9238281,0.0001036160779,
972.1679688,0.0001026800118,
972.4121094,0.0001017510119,
972.65625,0.0001008291062,
972.9003906,9.991432279e-05,
973.1445312,9.900668942e-05,
973.3886719,9.810623366e-05,
973.6328125,9.721298288e-05,
973.8769531,9.632696425e-05,
974.1210938,9.544820469e-05,
974.3652344,9.457673096e-05,
974.609375,9.371256957e-05,
974.8535156,9.285574682e-05,
975.0976562,9.200628882e-05,
975.3417969,9.116422143e-05,
975.5859375,9.032957031e-05,
975.8300781,8.950236092e-05,
976.0742188,8.868261846e-05,
976.3183594,8.787036794e-05,
976.5625,8.706563414e-05,
976.8066406,8.626844163e-05,
977.0507812,8.547881474e-05,
977.2949219,8.469677758e-05,
977.5390625,8.392235404e-05,
977.7832031,8.315556779e-05,
978.0273438,8.239644225e-05,
978.2714844,8.164500064e-05,
978.515625,8.090126594e-05,
978.7597656,8.016526089e-05,
979.0039062,7.943700802e-05,
979.2480469,7.871652962e-05,
979.4921875,7.800384773e-05,
979.7363281,7.729898419e-05,
979.9804688,7.660196058e-05,
980.2246094,7.591279827e-05,
980.46875,7.523151836e-05,
980.7128906,7.455814174e-05,
980.9570312,7.389268906e-05,
981.2011719,7.323518072e-05,
981.4453125,7.25856369e-05,
981.6894531,7.194407752e-05,
981.9335938,7.131052227e-05,
982.1777344,7.068499061e-05,
982.421875,7.006750172e-05,
982.6660156,6.945807459e-05,
982.9101562,6.885672792e-05,
983.1542969,6.82634802e-05,
983.3984375,6.767834965e-05,
983.6425781,6.710135425e-05,
983.8867188,6.653251175e-05,
984.1308594,6.597183964e-05,
984.375,6.541935516e-05,
984.6191406,6.487507531e-05,
984.8632812,6.433901682e-05,
985.1074219,6.38111962e-05,
985.3515625,6.32916297e-05,
985.5957031,6.27803333e-05,
985.8398438,6.227732275e-05,
986.0839844,6.178261354e-05,
986.328125,6.12962209e-05,
986.5722656,6.081815983e-05,
986.8164062,6.034844504e-05,
987.0605469,5.988709102e-05,
987.3046875,5.943411198e-05,
987.5488281,5.898952189e-05,
987.7929688,5.855333445e-05,
988.0371094,5.812556312e-05,
988.28125,5.770622108e-05,
988.5253906,5.729532127e-05,
988.7695312,5.689287637e-05,
989.0136719,5.649889879e-05,
989.2578125,5.611340069e-05,
989.5019531,5.573639397e-05,
989.7460938,5.536789026e-05,
989.9902344,5.500790094e-05,
990.234375,5.465643713e-05,
990.4785156,5.431350967e-05,
990.7226562,5.397912915e-05,
990.9667969,5.365330591e-05,
991.2109375,5.333605e-05,
991.4550781,5.302737123e-05,
991.6992188,5.272727913e-05,
991.9433594,5.243578298e-05,
992.1875,5.215289178e-05,
992.4316406,5.187861427e-05,
992.6757812,5.161295894e-05,
992.9199219,5.135593399e-05,
993.1640625,5.110754737e-05,
993.4082031,5.086780676e-05,
993.6523438,5.063671957e-05,
993.8964844,5.041429294e-05,
994.140625,5.020053376e-05,
994.3847656,4.999544863e-05,
994.6289062,4.979904389e-05,
994.8730469,4.961132563e-05,
995.1171875,4.943229965e-05,
995.3613281,4.926197147e-05,
995.6054688,4.910034639e-05,
995.8496094,4.894742938e-05,
996.09375,4.88032252e-05,
996.3378906,4.866773829e-05,
996.5820312,4.854097284e-05,
996.8261719,4.842293279e-05,
997.0703125,4.831362179e-05,
997.3144531,4.821304321e-05,
997.5585938,4.812120017e-05,
997.8027344,4.803809551e-05,
998.046875,4.79637318e-05,
998.2910156,4.789811135e-05,
998.5351562,4.784123619e-05,
998.7792969,4.779310807e-05,
999.0234375,4.775372848e-05,
999.2675781,4.772309865e-05,
999.5117188,4.770121953e-05,
999.7558594,4.768809178e-05,
1000,4.768371582e-05,
